3845	17307.189115364858
7157	2258.83813649699
1048	1920.8968734466127
673	1904.328211084123
1956	1830.4541860081335
4292	1814.9539174965957
105782	1658.2956149862912
4436	1617.0264951063118
2064	1431.777456831381
1499	929.427732455224
5627	886.3722341311766
6790	694.4118768147271
2263	688.9706641169148
2956	674.7668311304577
29126	638.1476280771836
595	590.0815643148665
7298	576.060619016634
56648	548.8678697030068
5058	547.0754110428514
1999	541.8665089557282
1029	513.9576726311817
1026	486.78603155153337
84951	462.09935789117947
8743	459.6238612740492
4893	455.89893300150925
5743	455.34996335523465
4246	447.130764806169
1116	440.09462656302804
55	440.09462656302804
3558	427.65851481886426
3569	427.56109317088675
675	422.254242009031
2099	420.0843871458936
207	402.9512685082469
5595,5594	384.0880093900771
7422	348.1235099742908
406991	334.99823260690886
5395	324.7707623727898
2321	315.9866615504404
8795	309.7122495371183
5290	309.4687613714714
8797	305.85181662165377
4609	300.94826218583836
11156	297.15203343807684
4595	286.0806614400073
54474	282.9689224173791
3479	279.5790133032341
6750	279.0948454008056
3855	276.21601908733624
5928	268.2338579148605
6304	264.8399022024497
1630	258.79726664897487
1045	258.27864735705674
7076	256.7316891697252
407035	254.66870916114596
7431	248.29699700149945
3458	244.16523276062986
10801	242.72563470446408
4838	242.37052370476528
4233	235.50631186503674
5617	224.2467773151692
10903	222.0981488971007
10879	218.83062181440644
672	215.99807940441036
16653	215.30936947648894
799	214.54613044947618
7424	211.6468333391817
4072	202.09876284136436
23583	195.45075244811602
2048	194.67716606997925
3162	194.64494300900185
5335	193.7758626459662
5829	193.23213234242502
7074	190.6504580280686
6714	188.33121030243453
9518	187.78725928084964
13649	187.6903383890708
6624	186.55699071105735
58492	185.34190766600958
110157	184.289624873268
54704	184.289624873268
1312	183.53903345724908
3329	181.53903345724908
10576	181.53903345724908
3480	177.56914928869475
6595	176.0378506252112
4513	172.6963495342138
887	162.1940476911553
6423	158.00514118618034
92140	156.97407238699088
9447	155.1347200383714
2796	152.28899917321982
1269	151.2825278810409
1268	151.2825278810409
4089	148.30044416571718
202	144.00959031905427
4318	143.37915083869527
4586	142.17397076578024
8549	138.9838856700211
3664	138.67005992466144
4287	137.5295708009463
4858	137.5295708009463
407975	137.5295708009463
1028	136.52720513687058
2146	133.84442648747913
4255	132.36205135787455
116562	129.13193185658545
2324	128.8469930135662
958	128.64482170855368
5524	126.52720513687056
2098	126.52720513687056
4922	126.52720513687056
2057	125.53142717920103
8324	124.2754308888138
1024	124.07913222388957
406937	122.80138634753342
22059	122.62932860925737
2056	121.88015760852869
578	121.34124683117054
7162	118.37897477649084
8929	118.2754308888138
9446	118.2754308888138
119391	118.2754308888138
2572	118.2754308888138
2257	118.2754308888138
4004	117.13665100320087
324	116.9627916952621
3091	115.7223800924445
1010	115.52483947279487
285	114.67377874054088
6876	113.33697322527371
2264	112.78961829132467
406952	112.27850546025577
114793	112.08160592329911
2012	111.27306522473809
3172	109.79234495993988
11799	109.32738086587662
637	108.27306522473809
21413	107.27306522473809
55626	107.27306522473809
9255	107.27306522473809
18033	107.27306522473809
378938	104.96803692510635
6405	104.1629690185083
999	104.1337924747875
6359	103.52773937881642
5879	103.02475776374885
4843	102.74185276076088
12550	101.03127376225076
10763	101.02760490937116
56994	100.18955292219474
7048	99.61581892711858
55294	99.55258947642714
27113	99.02129097668131
11747	99.02129097668131
942	99.02129097668131
5788	99.02129097668131
11200	98.05658851232138
6469	97.96525867135048
5300	97.8825110910684
1434	97.37318887609352
23552	96.2706995606624
6779	96.2706995606624
7096	96.2706995606624
4826	96.2706995606624
406958	94.93901338881754
79923	94.74403334741021
51176	93.97242047220136
1230	93.7412686040036
78996	93.01055586516182
3934	92.83611348909288
406947	92.77013155540703
8824	92.46098294818835
3779	92.1797261588659
5901	92.0189253126056
301	91.78989741521221
406967	91.76951672862454
10810	91.76951672862454
5734	91.76951672862454
23253	91.62365203232049
1950	91.03688256641388
2305	90.8442314507669
5976	90.76951672862454
57805	90.76951672862454
554210	90.75173299672447
22846	90.63073684301159
1910	90.11144994046359
7306	90.0189253126056
472	89.75410833417412
6597	89.07123490737042
8434	88.89620862455214
407009	88.7958389802472
5925	87.53026752677656
6776	87.41981500554152
6717	87.31916951217335
3248	86.91090737218337
693177	86.05896434463772
4904	85.80629887417123
2810	85.65823160428293
6899	84.63535905225086
10808	83.59240822225355
406928	83.59114400877027
9519	83.52421377274669
5728	83.29687201353389
6370	82.51774248056776
442908	82.51774248056776
2597	82.51774248056776
896	82.51774248056776
8737	82.51774248056776
10803	82.51774248056776
10075	82.51774248056776
8842	74.02323962558864
596	66.00794049799907
6774	59.79233768344128
7852	57.528263362399315
4316	46.0630348355885
4524	44.570070535359896
7694	43.92142441982571
1806	43.83582124031035
7099	42.57542786322058
960	40.92918236055195
10	40.371439747430735
4313	37.68560918335734
7040	37.44453950852969
13176	34.741331161482385
5243	34.51539462965996
581	34.02407904394893
3630	33.930092953995626
3559	33.39759802361925
7421	31.241050056582665
6925	29.598824912692926
5468	29.453979253418005
2272	28.608344212613243
356	27.84722792314483
54658	27.454364828544318
10178	25.968677932279913
598	25.295277279983168
2944	24.66161913453642
2100	23.99533767675122
4583	23.929696000091138
100508689	23.011307941362244
3481	22.646104225180174
2950	22.262767250470343
9370	21.724001039241355
5111	21.067552430067114
7517	20.807357508909764
4193	20.609360493378375
841	19.756087341100383
9232	19.424676383964556
3576	19.200808903752105
7161	19.073187860286325
6615	18.8544437657869
4756	18.753259884303315
1728	18.735054933724733
6275	18.66911778728572
1544	18.223400819799078
3912	18.01319198228461
3815	17.95003186142901
648	17.85486362846246
4311	17.51503327837057
3146	17.419999546132935
6623	17.403845210662226
3952	17.34458975385526
7015	17.251025333716516
1890	16.899855902639164
10413	16.849903031396842
1490	16.55310725417272
3791	16.43107351789914
6387	16.053414120978896
11789	15.901230377964486
1401	15.878433074536877
1543	15.602510731732725
2520	15.520857368529217
1571	15.183800540230125
64127	14.759844931189788
246	14.75390606368154
4851	14.68659197405879
3486	14.65138431027799
864	14.545753830963037
100133941	14.466592011992866
51094	14.44060124873451
9973	14.404281094816776
23405	14.1706338158241
7372	14.116133186840079
4312	13.774921210566658
836	13.76622047930819
5467	13.508897929174214
4915	13.330225284473528
5347	13.283894781050392
4830	13.188167723200548
339488	13.176411476926218
2065	13.16411727086116
56717,21977	13.075118877345142
23600	13.054163427236228
12560	12.952653636481356
2194	12.777915811906695
2952	12.650708446468107
3429	12.623926111173285
5329	12.581530832633154
4582	12.423294880306665
5268	12.332730987437277
331	12.282222208618649
21977	12.241762715199979
7124	12.238303027525458
6422	12.075703561691688
2922	12.039490310165622
6277	11.9943013595929
1509	11.99106200420962
3383	11.977174110441887
246691	11.974917475524016
9076	11.913356828817559
4092	11.746762103884699
7515	11.677464120264128
24525	11.664675080412996
50943	11.521111660562726
6690	11.45491504732527
3814	11.37820901397796
1235	11.141950892402104
664	11.082285132138331
4953	10.902588974438954
6935	10.889871958276283
891	10.795065951201192
780897	10.772100669485255
18706	10.753939549419615
5970	10.740466302134624
3958	10.68790514901659
3280	10.658819211201063
3586	10.655507017071555
17246	10.47993048086264
5655	10.43643776777246
374	10.402706617852653
7057	10.390506467240863
4437	10.331129371727435
5037	10.223130254897743
7039	10.157383879807291
5265	10.151178766462237
4602	10.092482656158126
1846	10.05905765202997
6364	10.024842945730743
5670	10.010880471035374
3371	9.957694958414129
9429	9.957677300202429
174	9.913496876586501
7430	9.901923946280148
4170	9.895825067840436
51561	9.891614821140472
5054	9.843533506203144
80381	9.834821072705815
5378	9.784967213342714
5175	9.740890054946757
57447	9.698925308356115
1545	9.68519780579465
3397	9.669396669029984
9423	9.602854063211185
6382	9.5769876419014
3605	9.567120204465422
3315	9.494998342898624
7913	9.446688571872569
2067	9.364180083799605
23411	9.318812311832707
6657	9.282800948325317
5653	9.258101381013065
6347	9.251172273219087
2185	9.231387739726259
4552	9.191188547037724
3956	9.15041387654912
627	9.122887780184264
83998	9.099052547087865
1012	9.068421828995525
467	9.052055658604775
5328	9.020773959211141
111518	8.980713112168742
7078	8.931645851646365
407040	8.912311829049662
7516	8.894556908414712
2833	8.873971953653054
317	8.821397316738281
3620	8.810874243797414
406931	8.76246069641478
22339	8.719525827635502
3880	8.677068492177026
2335	8.664434764626138
407006	8.522173890501278
5688	8.517574801637181
2052	8.497550985186646
2017	8.467443840655353
407008	8.421782205878005
4751	8.41928495621064
8678	8.404557318818174
406899	8.354722777395589
142	8.337001466956751
6786	8.334154821803988
27087	8.292242565873412
1786	8.286324595868482
6279	8.222054910349664
8864	8.215767372119634
925	8.214264589328529
1612	8.173867113442812
216	8.143233530279007
2706	8.117347943358425
84432	8.085013583483782
6401	8.067825018381441
2152	7.97821846774906
4314	7.968466669645618
10631	7.966958037496433
70356	7.9646612454553045
5420	7.943507652213556
4790	7.934209048238541
706	7.9191016491628465
382056	7.918655061148264
1874	7.885131247803914
406973	7.850341485007628
23326	7.818632841120008
1489	7.814180159144675
406985	7.799621684091443
4015	7.780391066394595
1493	7.771916325477378
842	7.657245789734128
1508	7.612800041247388
83667	7.604726719714892
599	7.583928058031357
23030	7.54157576784582
2932	7.523420135370152
9575	7.520907545021465
151648	7.489927420883333
8741	7.463258330144825
4968	7.4625605501685435
3716	7.418878611981075
3925	7.400550311902693
11186	7.392560870056895
3566	7.383029449386389
968	7.377715384943198
768	7.369872618564415
6868	7.358784922801355
4060	7.347789793849273
3439	7.339218243001021
24329	7.322552201438487
6648	7.3171322016031795
1351	7.2704276442994775
9547	7.2679683797671295
5228	7.264132875631245
474	7.2531903971744836
4070	7.250728282065127
3953	7.22967616245552
3491	7.141971851099568
3133	7.131146589351049
20848	7.107605371955517
3161	7.104747054775423
92	7.05465123267315
15218	6.983308406115718
160728	6.9669580374964335
5013	6.9507585149771645
4159	6.889573086294398
328	6.820524324946287
1440	6.7902305511541785
65009	6.764825700329949
4616	6.752793989603185
5716	6.747705881326163
1407	6.697251347572876
4588	6.672884286754746
406986	6.670256582802102
2261	6.669878408370147
9353	6.65568142643812
4088	6.6459239944997694
2277	6.629935573382316
1906	6.621858780575111
406892	6.611198011893826
149233	6.594393323379537
51754	6.588438885205893
7132	6.542002235682533
929	6.447497871100425
1084	6.445280507440952
4615	6.442057635582738
1027	6.439840271923265
1364	6.4196600856871875
8991	6.330484256221363
9112	6.313551777534382
19225	6.298188568448223
9227	6.289820607086736
9	6.281256130185167
8314	6.264132875631245
51311	6.25599629038723
3949	6.25599629038723
406959	6.216538250120886
2697	6.1756836246484355
8493	6.172397448239426
2925	6.143501740398841
5742	6.137644578101323
723830	6.1176165716831035
5423	6.087218244944609
7291	6.06225385590337
2191	6.0616317746037955
1234	6.058877704535366
5460	6.026177938939747
6578	6.020380686587666
4780	6.0048183796362276
7374	6.000486373203995
6696	6.0
91607	5.9949006728387335
29108	5.9864405479976215
7345	5.983479018748216
3897	5.983479018748216
348	5.980886147521542
7077	5.979689021567052
3627	5.978844777031512
407007	5.918728787626678
6374	5.898722449520596
1591	5.8964935131555904
649	5.863058806209388
4323	5.840651489715852
6647	5.8215590110380555
11047	5.807898323784526
6794	5.805611199358533
8099,1017	5.759667529472527
7046	5.757051800969844
80198	5.7358110403208045
4087	5.709189703061431
22943	5.706477263670855
27250	5.697617062821523
29128	5.689364260045049
4927	5.68647727209178
8277	5.673040139640377
23314	5.665877448095287
1559	5.654607585312905
81839	5.636896306884893
4322	5.611811530405994
100750225	5.604726719714892
9788	5.604726719714892
397	5.5974163384614934
51196	5.547016216630858
672,675	5.5281612327633285
9075	5.523621048883627
10643	5.506448402135116
8313	5.496402213721977
8863	5.488841990880367
2063	5.475379257488582
699	5.4439812143486295
10018	5.440099573627483
56649	5.39173620900519
6363	5.370098511431937
30848	5.357727628421425
407053	5.350972561507961
6480	5.338894764389906
894	5.305533795832375
2633	5.300306307413438
302	5.298288802497774
8826	5.28753106134761
3553	5.2801733481519655
2260	5.2698680093243375
8651	5.2569871270636455
3732	5.254066317998317
55165	5.252729143362222
54905	5.251121022861197
283	5.246671402092168
320	5.236703219815775
321	5.236703219815775
998	5.2345988447940055
213	5.209453439429783
7020	5.209453439429783
29968	5.209453439429783
1044	5.206575635415615
7052	5.2048801912859926
4907	5.199891626491462
10131	5.189444936656832
5315	5.184966655651379
4854	5.182877651765893
133	5.174865319701598
58191	5.161235668093761
5885	5.1176165716831035
1236	5.1176165716831035
55353	5.101176209745197
10395	5.095786838319533
3490	5.092524627857984
79444	5.074665741685786
4363	5.070379292714556
2041	5.054315641138524
4836	5.046261002734552
6608	5.0385594704035785
51129	5.019413876536802
4739	5.019413876536802
2033	5.017957253808277
2690	5.0129425843578685
6591	5.006471292178935
23028	5.002955721073558
10445	5.0
57019	5.0
4853	5.0
7184	5.0
9536	4.983479018748216
7545	4.983479018748216
9365	4.983479018748216
79602	4.974670670752399
2224	4.972892128788672
6502	4.954470353334016
406946	4.905980978951568
909	4.900021824227465
4976	4.891341921553522
7405	4.884189540461364
343	4.884115271165475
2294	4.877284101155631
3624	4.865035731473553
7911	4.85795092078245
2113	4.857683604479053
23409	4.852192157330512
10049	4.85113015752322
64374	4.842771151385533
93953	4.801427031605592
6445	4.801427031605592
25311	4.801427031605592
7035	4.801427031605592
56729	4.801427031605592
5345	4.801427031605592
1800	4.801427031605592
125	4.788141825326315
2551	4.759667529472527
406920	4.758614586811009
11082	4.749121059144123
3456	4.744424493110428
3611	4.743786648284757
6938	4.732542720786135
5338	4.728717142285915
7939	4.722343291397995
2202	4.707250504875944
6362	4.6813640842481465
23462	4.678143717404844
6929	4.6703851200822495
10456	4.668634720250513
8289	4.655613685521505
10223	4.651477971041917
2547	4.645941016184064
1969	4.618282822584929
3921	4.618282822584929
7703	4.604726719714892
80139	4.604726719714892
4869	4.604726719714892
80864	4.604726719714892
22906	4.604726719714892
8840	4.565377228628657
7026	4.56387209424244
2050	4.561450848632529
6098	4.557839205605367
2735	4.557839205605367
56616	4.548077668934103
5888	4.537295321472302
10551	4.525806351123988
56208	4.506448402135116
89795	4.500967771667333
9314	4.4978401993071735
390	4.493365066282367
1437	4.487074257346122
6117	4.483326947431844
3651	4.475442649411623
1869	4.474543851886434
5295	4.474115044005304
574501	4.44980021769304
2348	4.442057635582738
8633	4.423319290671481
6767	4.407663820543062
9021	4.405133009050133
412	4.400713515802796
5921	4.3926108019593295
24144	4.3863359114495815
2309	4.375295708009462
466	4.329791275998604
406938	4.313046163535326
4846	4.313041328523507
5984	4.312024592166571
1656	4.298288802497774
1500	4.285112382894088
573	4.281969564514817
214	4.279257122938337
1604	4.264132875631245
226442	4.235233143366207
6198	4.235233143366207
957	4.235233143366207
6267	4.235233143366207
1960	4.231679101567577
7472	4.223623060811988
4282	4.222733011574079
5359	4.222733011574079
18208	4.2223771290434
6934	4.217814200375984
406913	4.20448584880842
9770	4.200373673759019
25805	4.1982774485627
1363	4.19228231336889
5159	4.190340480308146
688	4.178685891118143
4521	4.1775407696028735
5997	4.1775407696028735
406935	4.1682619455134144
2627	4.168069044860063
1645	4.160381045275323
10663	4.1547643759148265
4734	4.149331483371572
346389	4.146960415894099
91010	4.141971851099568
109880	4.138563350458013
1485	4.135350499378024
388112	4.130559156040972
10641	4.1299997508349655
4512	4.124087863862037
4153	4.124006454916681
6091	4.121800739436044
2034	4.1176165716831035
442917	4.101463791499091
10071	4.101463791499091
6280	4.097210659500985
54205	4.064228871373487
2069	4.063908000535622
3159	4.063908000535622
3105	4.052309594764816
6256	4.0478443489595906
4916	4.016969392621726
11073	4.016736671011764
55183	4.016736671011764
64946	4.016736671011764
9735	4.016736671011764
30817	4.015307039731315
6510	4.0129425843578685
3589	4.0129425843578685
8614	4.006471292178935
362	4.006471292178935
8099	4.0
1460	4.0
10190	4.0
56963	4.0
16453	4.0
10894	4.0
6520	4.0
3065	4.0
51079	4.0
2066	3.987663186501158
1687	3.9834790187482167
8745	3.9834790187482167
3667	3.9737009796769414
208	3.93965479052898
8607	3.8796805438465283
9855	3.8650357314735526
1586	3.8427711513855334
27121	3.8395403498539684
890	3.821663613240604
5873	3.8080047691989813
4684	3.782267489317765
1432	3.7666444472505156
5861	3.7611430137775663
1058	3.7611430137775663
3557	3.741480773872606
14160	3.7294281020890976
57534	3.693064472990822
4610	3.692872774403697
407037	3.689994081137325
5817	3.68647727209178
22806	3.6858258986968844
55937	3.673040139640377
8317	3.673040139640377
8661	3.6703851200822495
4085	3.670312695729914
693215	3.66759409413043
7010	3.665877448095288
5764	3.6594061559163533
9344	3.6502891042702412
26585	3.64571805147452
5981	3.644178533901697
11199	3.6381177204859645
7033	3.618282822584929
51083	3.6157056838807877
728239	3.611811530405994
200958	3.6047267197148916
6317	3.5989909643654965
5068	3.5989909643654965
1901	3.595646954044128
6143	3.595646954044128
238	3.573096742302666
4683	3.570224765788176
4052	3.568975461316211
6761	3.537236989010066
920	3.532775923402985
3717	3.519335058945054
5594,5595	3.488153471014333
2045	3.4830582822081277
3190	3.4753792574885822
407041	3.4741150440053037
57379	3.4586332911946904
338377	3.454231080581906
900	3.4334751436465982
6855	3.430764970670431
4585	3.417499903176043
7103	3.414440892562655
3156	3.411028610997109
81528	3.410262162473143
948	3.4048976835557374
1191	3.400713515802796
5629	3.400713515802796
406	3.400713515802796
1316	3.400713515802796
407018	3.400541267314588
6817	3.390820372156032
2934	3.383241651305296
28234	3.3714790598785216
3309	3.359778124579874
3574	3.355314483516655
5621	3.354261086028208
57007	3.3255383794311326
9475	3.318812311832707
6093	3.318812311832707
1435	3.318812311832707
56852	3.309137280657584
641	3.295157341285977
652	3.27769227606837
11004	3.2767866400047456
857	3.2725871978763252
11009	3.2724580980966635
3596	3.2722546130783474
10630	3.265686824291679
6775	3.2584507839184758
839	3.2574083688204993
644943	3.255802084267299
7474	3.253224201067558
727897	3.253224201067558
3621	3.253224201067558
6667	3.2522065112886596
6241	3.250483885833667
57414	3.2339101679337237
6722	3.2236230608119887
6523	3.2236230608119887
79888	3.2236230608119887
3628	3.2236230608119887
4913	3.2182188838862302
5396	3.210141199541088
1602	3.2028839331055368
5983	3.20212089831896
23671	3.191293908088256
51285	3.191293908088256
5641	3.1894449366568325
4535	3.185909105108755
10397	3.1850492557159686
6788	3.179248346286899
84557	3.1775407696028735
406941	3.176292109377611
5308	3.1682619455134144
11065	3.164452783786736
10657	3.1642248482907016
6513	3.1628117963745916
28996	3.1584463775234406
11216	3.148598613282628
157310	3.148598613282628
10135	3.1468030564050147
9122	3.140489123715164
693223	3.140368976817575
5156	3.1312173267520995
3932	3.1302044288037565
2274	3.1285955358489996
6692	3.1278160010712437
912	3.1270331589991587
15902	3.1240878638620377
23643	3.1240878638620377
80196	3.1240878638620377
225689	3.1240878638620377
10735	3.1232635492075915
79977	3.1176165716831035
76187	3.1176165716831035
17075	3.1176165716831035
5366	3.1176165716831035
9266	3.0863441125603757
5176	3.0852673614224333
11337	3.0811370338647204
101	3.0811370338647204
3757	3.080979674375637
1894	3.0777404920562286
1994	3.074665741685786
1111	3.065815942356737
55662	3.063908000535622
9474	3.0616317746037955
5604,5605	3.0383831621464603
6354	3.0190991575586357
29122	3.0129425843578685
3590	3.0129425843578685
1441	3.0129425843578685
23091	3.0125525032588234
55655	3.0125525032588234
1017	3.011108549897436
6403	3.010978964165896
306	3.010978964165896
8519	3.0064712921789343
57817	3.0064712921789343
84519	3.0064712921789343
51029	3.0064712921789343
7001	3.0063139326898507
240	3.0
1958	3.0
83734	3.0
2980	3.0
5650	3.0
3014	3.0
10447	3.0
51341	3.0
7056	3.0
3570	3.0
10957	3.0
10111	3.0
4482	3.0
8856	3.0
575	3.0
10562	3.0
1820	3.0
59340	3.0
9308	2.9899255587540186
407052	2.987107238415457
92912	2.9834790187482167
4194	2.9834790187482167
100151750	2.9834790187482167
6596	2.9834790187482167
406942	2.9834790187482167
2200	2.9834790187482167
965	2.9834790187482167
171577	2.927929474985942
65132	2.927929474985942
83595	2.913933570123326
3565	2.8867006884716857
5241	2.84204429982827
10103	2.8317893824162232
4982	2.821663613240604
143662	2.821663613240604
1942	2.786439314915512
10910	2.780073475919409
84687	2.759667529472527
976	2.759667529472527
6678	2.759667529472527
2744	2.759667529472527
2308	2.750591416018925
1789	2.7485655845637087
406966	2.732807684118861
100346189	2.732807684118861
7367	2.7271700184768255
2022	2.7210379305201493
25544	2.6996545379445007
406975	2.6970788918284274
81930	2.68647727209178
3485	2.68647727209178
1855	2.68647727209178
3164	2.68148596996891
6850	2.6757195309416164
3636	2.673040139640377
51147	2.673040139640377
3135	2.669731305797889
862	2.6673339897929615
10928	2.6596558793655847
5874	2.6594061559163533
10220	2.6594061559163533
5005	2.6594061559163533
8573	2.6594061559163533
114783	2.6594061559163533
5203	2.6594061559163533
95	2.611811530405994
29071	2.611811530405994
3927	2.611811530405994
57650	2.611811530405994
5770	2.611811530405994
1495	2.6047267197148916
1036	2.6047267197148916
6737	2.6047267197148916
1087	2.6047267197148916
4149	2.6047267197148916
89782	2.6047267197148916
23492	2.6047267197148916
9097	2.6047267197148916
3376	2.6047267197148916
6470	2.6047267197148916
5196	2.6047267197148916
60	2.6047267197148916
10278	2.6047267197148916
2161	2.6047267197148916
2157	2.6047267197148916
406979	2.6047267197148916
28955	2.6047267197148916
5291	2.6047267197148916
7051	2.6047267197148916
10521	2.6047267197148916
2244	2.6047267197148916
8841	2.6047267197148916
572	2.6047267197148916
1804	2.6047267197148916
196	2.6047267197148916
4942	2.6047267197148916
7097	2.604547096624222
19	2.5775581945033705
10257	2.5653772286286567
17709	2.5318334308723283
574456	2.5318334308723283
338557	2.5248029399820284
10309	2.4745573195509207
10761	2.4420576355827377
4264	2.4420576355827377
2990	2.4420576355827377
94025	2.4306390498530837
84451	2.4258381580548574
7082	2.4232287971747577
5089	2.4206129418147215
6281	2.4196600856871875
7412	2.404557318818175
26195	2.400713515802796
569360	2.400713515802796
5897	2.400713515802796
5430	2.400713515802796
55502	2.400713515802796
4163	2.400713515802796
250	2.400713515802796
22152	2.400713515802796
54626	2.400713515802796
17210	2.400713515802796
80010	2.400713515802796
23082	2.400713515802796
9,10	2.400713515802796
57801	2.400713515802796
25859	2.400713515802796
780	2.400713515802796
314	2.400713515802796
56996	2.400713515802796
354	2.400713515802796
404663	2.400713515802796
49	2.400713515802796
147719	2.400713515802796
2981	2.400713515802796
90249,219699	2.400713515802796
4709	2.400713515802796
2554	2.400713515802796
80304	2.400713515802796
100126333	2.400713515802796
10866	2.400713515802796
4321	2.400713515802796
7832	2.400713515802796
13508	2.400713515802796
16450,16409	2.400713515802796
59269	2.400713515802796
7490	2.400713515802796
25886	2.400713515802796
3908	2.400713515802796
55714	2.400713515802796
4807	2.400713515802796
57026	2.400713515802796
57628	2.400713515802796
378529	2.400713515802796
18007	2.400713515802796
90249,219699,8633	2.400713515802796
7971	2.400713515802796
10599	2.400713515802796
7518	2.400713515802796
5346	2.400713515802796
5348	2.400713515802796
7031,5663	2.400713515802796
256536	2.400713515802796
7145	2.400713515802796
175	2.400713515802796
56259	2.400713515802796
79365	2.400713515802796
26011	2.400713515802796
4926	2.400713515802796
3702	2.3992705763225235
12981	2.3965548971254003
64122	2.378889873313665
20683	2.378889873313665
8837	2.3705368993312295
14179	2.364495458170574
58155	2.359778124579874
3342	2.3550815392057465
5321	2.347789793849273
6334	2.3365238910268293
4718	2.3365238910268293
1284	2.3249454955774658
5422	2.297197226565256
51364	2.297197226565256
1636	2.2735081083154287
3303	2.2710011178412666
3175	2.2707009987560487
7361	2.2637872131568733
5465	2.2542908545213893
6376	2.2540663179983174
2214	2.2540663179983174
2212	2.2540663179983174
54577	2.2540663179983174
3780	2.253224201067558
1113	2.253224201067558
12048	2.253224201067558
6926	2.253224201067558
2192	2.253224201067558
9480	2.245784754702377
8739	2.241663473715922
255877	2.2395334020732323
79661	2.2182188838862302
4733	2.2182188838862302
4350	2.2182188838862302
252969	2.2182188838862302
5327	2.2182188838862302
4507	2.21250661381825
4923	2.2100162410638102
22601	2.208902087123141
55054	2.2006620546933364
4680	2.1982774485627
7295	2.1894449366568325
7083	2.1894449366568325
27030	2.1817249373558143
3265	2.1817249373558143
5411	2.1789286695655035
51208	2.1775407696028735
5090	2.1723832264998695
4320	2.1723832264998695
134145	2.1682619455134144
5618	2.1682619455134144
55143	2.149331483371572
94234	2.149331483371572
9073	2.149331483371572
54894	2.149331483371572
56603	2.149331483371572
17863	2.149331483371572
57620	2.149331483371572
26465	2.149331483371572
11214	2.148598613282628
57326	2.148067269888293
51284	2.140489123715164
9971	2.140489123715164
8878	2.140489123715164
2688	2.1367540541577146
406989	2.1355005589206333
4929	2.1355005589206333
6366	2.135350499378024
1594	2.135350499378024
10383	2.131084320605913
7905	2.127816001071244
643	2.1270331589991587
3002	2.1270331589991587
57016	2.1252419429168334
5340	2.1252419429168334
396061	2.1176165716831035
244650	2.1176165716831035
15894	2.1176165716831035
18526	2.1176165716831035
23081	2.1176165716831035
5972	2.1176165716831035
3398	2.1176165716831035
19122	2.1176165716831035
12505	2.1176165716831035
75605	2.1176165716831035
115286	2.1176165716831035
13	2.1176165716831035
56052	2.1176165716831035
14234	2.1176165716831035
4758	2.1176165716831035
7803	2.1176165716831035
98432	2.1176165716831035
11331	2.1176165716831035
6280,6279,6271	2.1176165716831035
406903	2.1176165716831035
66102	2.1176165716831035
134265	2.1176165716831035
940	2.1176165716831035
2247	2.1176165716831035
20393	2.1176165716831035
338412	2.1176165716831035
93672	2.1176165716831035
93659	2.1176165716831035
50975	2.1176165716831035
26471	2.1176165716831035
407029	2.100153943724407
574460	2.100153943724407
14151	2.095688697919181
387189	2.0925246278579843
5908	2.091738653601367
80781	2.091738653601367
118471	2.0881460546888055
11080	2.0881460546888055
387155	2.0852673614224333
17979	2.079872820381442
9133	2.074665741685786
2984	2.074665741685786
55366	2.074665741685786
2172	2.074665741685786
10006	2.074665741685786
6590	2.074665741685786
7014	2.074665741685786
406936	2.074665741685786
9271	2.074665741685786
3987	2.074665741685786
23452	2.074665741685786
6238	2.074665741685786
2101	2.073401528202507
3068	2.073401528202507
89958	2.0696744395629154
1163	2.068898739557791
8202	2.0579197753918943
55585	2.055782563724436
7031	2.055782563724436
59086	2.0478443489595906
9891	2.0478443489595906
10481	2.0478443489595906
1825	2.0478443489595906
12591	2.024564854340607
27161	2.020380686587666
29102	2.020380686587666
76856	2.019965571138898
6934,6932	2.0179572538082766
13867	2.0179572538082766
283149	2.0179572538082766
78412	2.0162967182592997
23512	2.010978964165896
57188	2.0106554599318756
58508	2.008368335505882
2778	2.008368335505882
3219	2.0064712921789343
633	2.0064712921789343
3290	2.0064712921789343
3827	2.0064712921789343
8771	2.0064712921789343
3083	2.0064712921789343
2042	2.004184167752941
545	2.004184167752941
2323	2.0
2346	2.0
604	2.0
4536	2.0
3217	2.0
4543	2.0
4102	2.0
79924	2.0
1089	2.0
81831	2.0
60489	2.0
60495	2.0
6383	2.0
51573	2.0
51100	2.0
79901	2.0
14173	2.0
79075	2.0
5933	2.0
17386	2.0
79679	2.0
57410	2.0
2051	2.0
4249	2.0
5591	2.0
118856	2.0
16886	2.0
6494	2.0
5170	2.0
84148	2.0
54739	2.0
27122	2.0
6095	2.0
1674	2.0
7097,7099	2.0
6909	2.0
79784	2.0
10855	2.0
55740	2.0
2168	2.0
374907	2.0
8742	2.0
3066	2.0
406983	2.0
6598	2.0
28987	2.0
3098	2.0
51305	2.0
7471	2.0
7023	2.0
7042	2.0
7058	2.0
7080	2.0
2624	2.0
4802	2.0
406933	2.0
1301	2.0
28514	2.0
4839	2.0
10549	2.0
2692	2.0
5715	2.0
977	2.0
81792	2.0
219541	2.0
8828	2.0
6662	2.0
23434	2.0
10125	2.0
54583	2.0
7153	2.0
182	2.0
2719	2.0
26018	2.0
9397	2.0
13179	2.0
2765	2.0
650	1.8853391493904552
114479	1.8853391493904552
15505	1.8853391493904552
406993	1.8853391493904552
3552	1.8853391493904552
563	1.8853391493904552
5358	1.8853391493904552
63955	1.8216636132406039
754	1.8216636132406039
9510	1.8216636132406039
5154	1.8216636132406039
5155	1.8216636132406039
2908	1.8216636132406039
8761	1.8216636132406039
7013	1.8216636132406039
1381	1.8216636132406039
57604	1.8216636132406039
5414	1.759667529472527
6778	1.759667529472527
231	1.759667529472527
100507436	1.759667529472527
759	1.759667529472527
8243	1.759667529472527
3859	1.759667529472527
3400	1.759667529472527
3998	1.759667529472527
1398	1.759667529472527
7137	1.759667529472527
2736	1.759667529472527
540	1.6730401396403771
79577	1.6594061559163535
9805	1.6594061559163535
4176	1.6594061559163535
57291	1.6594061559163535
6932,3172	1.6594061559163535
26225	1.6594061559163535
6917	1.6594061559163535
6948	1.6594061559163535
406982	1.6594061559163535
3082	1.6594061559163535
21926	1.6594061559163535
4435	1.6594061559163535
7543	1.6594061559163535
64710	1.6594061559163535
9798	1.6594061559163535
55818	1.6594061559163535
494327	1.6594061559163535
4983	1.6118115304059943
4174	1.6118115304059943
7251	1.6118115304059943
8125	1.6118115304059943
7284	1.6118115304059943
1548	1.6118115304059943
84417	1.6118115304059943
3312	1.6118115304059943
767	1.6118115304059943
11171	1.6118115304059943
11122	1.6118115304059943
27101	1.6118115304059943
1655	1.6118115304059943
10891	1.6118115304059943
3872	1.6118115304059943
8703	1.6118115304059943
382985	1.6118115304059943
8312	1.6118115304059943
4831	1.6118115304059943
5725	1.6118115304059943
10979	1.6118115304059943
5732	1.6118115304059943
220988	1.6118115304059943
64321	1.6118115304059943
6652	1.6118115304059943
4478	1.6118115304059943
100302137	1.6118115304059943
6273	1.6118115304059943
1831	1.6118115304059943
22919	1.6118115304059943
9368	1.6118115304059943
682	1.595646954044128
7450	1.595646954044128
406909	1.595646954044128
945	1.595646954044128
3561	1.595646954044128
15439	1.5653772286286567
15458	1.5653772286286567
12557	1.5653772286286567
232345	1.5653772286286567
3889	1.5653772286286567
597	1.5653772286286567
191	1.5653772286286567
12822	1.5318334308723283
72935	1.5318334308723283
847	1.5318334308723283
4853,4854	1.5318334308723283
3663	1.519279735201789
3725	1.519279735201789
79727	1.519279735201789
5599,5601	1.519279735201789
18708	1.519279735201789
20848,16193	1.519279735201789
5293	1.519279735201789
1445	1.519279735201789
8239	1.4745438518864342
19882	1.4476796926415398
14256	1.4476796926415398
22944	1.4476796926415398
1008	1.4420576355827375
3675	1.4420576355827375
3693	1.4420576355827375
4101	1.4420576355827375
84033	1.4420576355827375
113235	1.4420576355827375
9818	1.4420576355827375
217	1.4420576355827375
64403	1.4420576355827375
23080	1.4420576355827375
1583	1.4420576355827375
1577	1.4420576355827375
1576	1.4420576355827375
1588	1.4420576355827375
54798	1.4420576355827375
6462	1.4420576355827375
8660	1.4420576355827375
10297	1.4420576355827375
2939	1.4420576355827375
2938	1.4420576355827375
54490	1.4420576355827375
22821	1.4420576355827375
3038	1.4420576355827375
23258	1.4420576355827375
3592	1.4420576355827375
8850	1.4420576355827375
64750	1.4420576355827375
58492,7694	1.4398402719232641
57531	1.4398402719232641
834	1.4398402719232641
837	1.4398402719232641
7849	1.4398402719232641
170482	1.4398402719232641
7980	1.4398402719232641
595,890	1.423382970527276
1082	1.423382970527276
84883	1.423382970527276
1164	1.423382970527276
2150	1.4216539903019163
5507	1.4196600856871873
110750	1.4196600856871873
1001	1.4151593517198817
3297	1.4151593517198817
693210	1.4045573188181748
14235	1.4045573188181748
9173	1.4045573188181748
1803	1.4045573188181748
16001	1.3705368993312295
21803	1.3705368993312295
6932	1.3705368993312295
83478	1.3705368993312295
5898,5899	1.3705368993312295
10614	1.3498272689722504
5519	1.3498272689722504
5515	1.3498272689722504
51399	1.3498272689722504
56710	1.3498272689722504
55783	1.3477897938492733
1824	1.3477897938492733
3451	1.291093929968067
93687	1.291093929968067
2641	1.285112382894088
5741	1.285112382894088
7150	1.285112382894088
1459	1.2450045356717243
17295	1.2450045356717243
3081	1.2450045356717243
27178	1.2339101679337234
4317	1.2339101679337234
3484	1.2339101679337234
2650	1.2339101679337234
3606	1.2339101679337234
51497	1.2296761624555195
5055	1.1982774485627001
64405	1.1982774485627001
2004	1.1982774485627001
9180	1.1982774485627001
3405	1.1982774485627001
6997	1.1982774485627001
1051	1.1894449366568325
1512	1.1894449366568325
3466	1.1894449366568325
13000	1.1894449366568325
488	1.1894449366568325
51309	1.1894449366568325
23433	1.1894449366568325
2739	1.1894449366568325
5550	1.1775407696028732
9994	1.1775407696028732
811	1.1775407696028732
60681	1.1775407696028732
5783	1.1775407696028732
3178	1.1775407696028732
4091	1.1775407696028732
18128	1.1723832264998697
230099	1.1723832264998697
81537	1.1723832264998697
25937	1.1723832264998697
8050	1.1723832264998697
5625	1.1682619455134147
1027,3429	1.1682619455134147
2177	1.1682619455134147
406904	1.1682619455134147
5029	1.154266040650799
10733	1.154266040650799
2475	1.154266040650799
358,362	1.154266040650799
84962	1.154266040650799
64292	1.154266040650799
20201	1.154266040650799
7408	1.154266040650799
9223	1.154266040650799
10902	1.154266040650799
2306	1.1534738196208396
18227	1.1534738196208396
54790	1.1534738196208396
12575	1.1534738196208396
1735	1.1534738196208396
20750	1.1534738196208396
3579	1.1534738196208396
23886	1.1534738196208396
8061	1.1534738196208396
64218	1.1514103601939687
2232	1.1514103601939687
79068	1.148598613282628
4303	1.148598613282628
3563	1.148598613282628
10987	1.148598613282628
338413	1.148598613282628
3292	1.1404891237151642
1909,1906	1.1404891237151642
2626,140628	1.1404891237151642
4601	1.1404891237151642
4654	1.1404891237151642
11124	1.1404891237151642
9194	1.1404891237151642
55743	1.1404891237151642
6566	1.1404891237151642
7098	1.1404891237151642
20317	1.1404891237151642
54106	1.1404891237151642
4082	1.1404891237151642
8453	1.1404891237151642
1843	1.1404891237151642
6323	1.1367540541577144
239	1.1367540541577144
4192	1.1367540541577144
112744	1.1367540541577144
693188	1.1367540541577144
1788	1.1367540541577144
5354	1.1367540541577144
3240	1.1355005589206333
19016	1.1355005589206333
256646	1.1355005589206333
262	1.1355005589206333
11021	1.1355005589206333
12985	1.1355005589206333
10875	1.1355005589206333
407042	1.1355005589206333
10014	1.1355005589206333
28936	1.1355005589206333
66826	1.1355005589206333
11839	1.1355005589206333
8817	1.1355005589206333
6280,6271	1.1355005589206333
79971	1.1353504993780243
4693	1.1353504993780243
53947	1.1353504993780243
7473	1.1353504993780243
8846	1.1353504993780243
69253	1.1310843206059131
6446	1.1310843206059131
1601	1.1310843206059131
10226	1.1270331589991587
1524	1.1270331589991587
1557	1.1270331589991587
693193	1.1270331589991587
6046	1.1270331589991587
2953	1.1270331589991587
5726	1.1270331589991587
7508	1.1270331589991587
574449	1.1270331589991587
3603	1.1270331589991587
355	1.1252419429168332
471035	1.1252419429168332
6588	1.1252419429168332
51547	1.0925246278579843
231474	1.0925246278579843
407010	1.0925246278579843
3960	1.0925246278579843
2242	1.0925246278579843
522	1.0925246278579843
2324,3791	1.0881460546888055
57764	1.085267361422433
3659	1.085267361422433
340419	1.085267361422433
10193	1.085267361422433
54766	1.085267361422433
7764	1.085267361422433
12010	1.085267361422433
16183	1.085267361422433
407050	1.085267361422433
229658	1.085267361422433
57575	1.085267361422433
27279	1.085267361422433
3959	1.085267361422433
8877	1.085267361422433
73250	1.085267361422433
71409	1.085267361422433
15361	1.085267361422433
171558	1.074665741685786
20878	1.074665741685786
101805488	1.074665741685786
5743,4513	1.074665741685786
1909	1.074665741685786
6391	1.074665741685786
50649	1.074665741685786
69260	1.074665741685786
9069	1.074665741685786
1592	1.074665741685786
4673	1.074665741685786
2023	1.074665741685786
6424	1.074665741685786
6482	1.074665741685786
253260	1.074665741685786
375	1.074665741685786
11168	1.074665741685786
85458	1.074665741685786
56913	1.074665741685786
10410	1.074665741685786
57521	1.074665741685786
2118	1.074665741685786
75388	1.074665741685786
7458	1.074665741685786
6141	1.074665741685786
7494	1.074665741685786
100314075	1.074665741685786
56164	1.074665741685786
29841	1.074665741685786
6239	1.074665741685786
136	1.074665741685786
57144	1.074665741685786
1454	1.0734015282025073
9846	1.0734015282025073
84498	1.0734015282025073
3718	1.0734015282025073
57403	1.0734015282025073
6421	1.0734015282025073
407017	1.0734015282025073
11339	1.0734015282025073
5270	1.0734015282025073
406994	1.0734015282025073
5777	1.0734015282025073
4000	1.0734015282025073
55872	1.0734015282025073
165721	1.0734015282025073
494324	1.0734015282025073
2965	1.063908000535622
406937,406935	1.063908000535622
675,672	1.0616317746037958
659	1.0616317746037958
60401	1.0616317746037958
27436	1.0616317746037958
5978	1.0616317746037958
56998	1.0616317746037958
5727	1.0616317746037958
23549	1.0579197753918943
56848	1.0579197753918943
5935	1.0579197753918943
1593	1.0579197753918943
4067	1.0579197753918943
5580	1.0557825637244358
407014	1.0557825637244358
9262	1.0523095947648162
3106	1.0523095947648162
574444	1.0523095947648162
5469	1.0478443489595906
1525	1.0478443489595906
74343	1.0478443489595906
5696	1.0478443489595906
3945	1.0478443489595906
1808	1.0478443489595906
1400	1.0478443489595906
3622	1.0478443489595906
23057	1.0351688124802407
2821	1.0351688124802407
21812	1.0351688124802407
6503	1.0351688124802407
2867	1.020380686587666
2865	1.020380686587666
6498	1.020380686587666
6497	1.020380686587666
9156	1.020380686587666
2324,2321	1.020380686587666
51141	1.0187375614884908
9040	1.0187375614884908
4629	1.0187375614884908
4738	1.0187375614884908
406971	1.0187375614884908
2619	1.0187375614884908
64798	1.0187375614884908
8883	1.0187375614884908
57154	1.0187375614884908
5444	1.0109789641658964
23032	1.0109789641658964
4320,4322	1.0109789641658964
406988	1.0109789641658964
14663	1.009982785569449
3682	1.0064712921789343
12801	1.0064712921789343
12802	1.0064712921789343
6754	1.0064712921789343
8972	1.0064712921789343
3291	1.0064712921789343
8539	1.0064712921789343
1902	1.0064712921789343
59067	1.0064712921789343
3756	1.0064712921789343
10765	1.0064712921789343
6829	1.0064712921789343
124220	1.0064712921789343
27179	1.0064712921789343
2487	1.0064712921789343
22368	1.0064712921789343
794	1.0064712921789343
54749	1.0064712921789343
9170	1.0064712921789343
2321,2324,3791,7422	1.0064712921789343
20682	1.0064712921789343
55384	1.0064712921789343
6533	1.0064712921789343
171382	1.0064712921789343
277328	1.0064712921789343
3061	1.0064712921789343
6581	1.0064712921789343
8763	1.0064712921789343
23250	1.0064712921789343
7066	1.0064712921789343
2668	1.0064712921789343
931	1.0064712921789343
2255	1.0064712921789343
7976	1.0064712921789343
12774	1.0064712921789343
193034	1.0064712921789343
123	1.0064712921789343
53624	1.0064712921789343
4914	1.0064712921789343
1948	1.0063139326898507
1510	1.0063139326898507
4266	1.0063139326898507
64240	1.0063139326898507
7432	1.0063139326898507
7070	1.0063139326898507
4314,4312	1.0063139326898507
1832	1.0063139326898507
22095	1.0063139326898507
12387	1.004184167752941
7272	1.004184167752941
20869	1.004184167752941
5926	1.004184167752941
23607	1.004184167752941
2046	1.004184167752941
5290,5294	1.004184167752941
6092	1.004184167752941
2986	1.004184167752941
29072	1.004184167752941
24605	1.004184167752941
3077	1.004184167752941
57492	1.004184167752941
60682	1.004184167752941
10592	1.004184167752941
567	1.004184167752941
196528	1.004184167752941
18131	1.0
8091	1.0
100885775	1.0
4969	1.0
10653	1.0
1471	1.0
57761	1.0
27076	1.0
2353	1.0
27043	1.0
3692	1.0
10628	1.0
3685	1.0
3688	1.0
56477	1.0
6751	1.0
4100	1.0
112399	1.0
112398	1.0
6757	1.0
6772	1.0
3266	1.0
655	1.0
4103	1.0
5435	1.0
4109	1.0
24887	1.0
23528	1.0
6752,6754,6755	1.0
219699	1.0
687	1.0
689	1.0
4162	1.0
84444	1.0
51554	1.0
5074	1.0
284	1.0
10155	1.0
51599	1.0
51114	1.0
2822	1.0
83990	1.0
283871	1.0
1806,1890	1.0
396497	1.0
2877	1.0
23067	1.0
5915	1.0
56547	1.0
9092	1.0
55233	1.0
17345	1.0
3337	1.0
5531	1.0
7704	1.0
7707	1.0
1179	1.0
56938	1.0
20186	1.0
6400	1.0
2049	1.0
2047	1.0
13866	1.0
84171	1.0
6416	1.0
4254	1.0
22798	1.0
13845	1.0
5595	1.0
2064,1956,2100	1.0
90865	1.0
329	1.0
19126	1.0
330	1.0
5133	1.0
693137	1.0
151871	1.0
9500	1.0
137075	1.0
53827	1.0
12	1.0
11197	1.0
17	1.0
6004	1.0
366	1.0
6495	1.0
5168	1.0
16854	1.0
7357	1.0
389	1.0
396	1.0
2903	1.0
11149	1.0
59	1.0
2919	1.0
442902	1.0
442904	1.0
15510	1.0
1634	1.0
4313,4318	1.0
2517	1.0
2526	1.0
2529	1.0
2530	1.0
407036	1.0
56655	1.0
100126354	1.0
137872	1.0
3875	1.0
407004	1.0
20200	1.0
77125	1.0
1244	1.0
27286	1.0
5624	1.0
10863	1.0
5652	1.0
25096	1.0
6622,6620,6623	1.0
11343	1.0
10026	1.0
23308	1.0
4361	1.0
6541	1.0
8714	1.0
4356	1.0
8733	1.0
10451	1.0
22418	1.0
7423	1.0
7415	1.0
9610	1.0
56647	1.0
406987	1.0
24147	1.0
406962	1.0
7481	1.0
7024	1.0
23224	1.0
55704	1.0
406997	1.0
406996	1.0
3902	1.0
3916	1.0
81567	1.0
842,836	1.0
3936	1.0
51703	1.0
3480,3479	1.0
51741	1.0
901	1.0
919	1.0
79884	1.0
377677	1.0
5729	1.0
941	1.0
1365	1.0
170758	1.0
29117	1.0
10988	1.0
966	1.0
84823	1.0
3578	1.0
10952	1.0
4440	1.0
3593	1.0
57214	1.0
13641	1.0
5310	1.0
5311	1.0
6642	1.0
3106,3107	1.0
10590	1.0
535	1.0
54538	1.0
8829	1.0
4485	1.0
3148	1.0
8836	1.0
10123	1.0
8839	1.0
8838	1.0
54556	1.0
55884	1.0
5339	1.0
7531	1.0
51053	1.0
4017	1.0
5349	1.0
8870	1.0
34529	1.0
10553	1.0
219595	1.0
10097	1.0
10096	1.0
84329	1.0
8405	1.0
4069	1.0
146	1.0
197358	1.0
6274	1.0
6282	1.0
100302187	1.0
6751,6752,6753,6755	1.0
140462	1.0
51477	1.0
22914	1.0
7168	1.0
100128922	1.0
7190	1.0
8407,6876	1.0
2737	1.0
4920	1.0
115908	1.0
27330	1.0
