7157	8793.232367768496
1499	5554.759813342677
4609	5467.451842423517
3845	4878.899699877574
1956	3162.7123930935422
1048	3023.6161291505864
111518	2959.2657374961227
4292	2906.3320632859572
7474	2588.6137197753587
3791	2362.9669677246484
4313	2256.7220948293193
595	2249.8152138096893
18712	2068.2419736397433
6774	2065.3887303107767
4436	2005.4479458589055
6778	1985.0990761335847
10094	1982.0652247380874
2956	1955.3436844204161
10397	1723.5349780331194
673	1575.4630660014773
7764	1493.7303142953701
54905	1469.4011138335022
545817	1468.0945003159509
17857	1467.3526510182567
4502	1465.0047313281514
140859	1465.0047313281514
782	1465.0047313281514
72587	1465.0047313281514
2274	1224.3470077054503
4893	1208.4785272727308
56648	1206.4744846231836
999	1184.653194814731
493	1177.7489016559648
5743	1165.756914509545
4583	1144.0120940146269
598	1135.9274028565892
7431	1125.3991412231871
6667	1123.6489400213354
4602	1122.1134372900497
602	1121.2977357215275
6955	1120.2977357215275
406952	1120.2977357215275
12576	1120.2977357215275
2099	1064.3617305874384
5395	1063.8465697870904
60489	1037.3251181300534
11065	1034.1209868198716
5243	959.2336087326679
356	946.6496899904417
9314	925.0343565195192
467	922.4329134826681
8754	920.2471193834383
415116	919.2186549509969
1029	915.8895378388507
3309	897.0746401247612
1045	888.3358191107097
843	870.9376034992106
6596	870.9376034992106
54658	868.5137696836795
5467	867.0737958579235
8841	866.8944433107619
9971	866.3704967454162
6750	865.5524732435142
4437	865.2811819286252
406913	864.7696251581924
246	863.803842148587
11140	863.583190585082
24224	863.583190585082
3611	863.1930531404599
3065	862.7825771017816
23481	862.7674890165597
1841	862.7674890165597
9180	861.7674890165597
5888	861.7674890165597
51177	861.7674890165597
574511	861.7674890165597
5754	861.7674890165597
6863	861.7674890165597
7341	861.7674890165597
346389	279.10343447952584
1630	137.33888324744095
8743	117.7735025737902
2064	112.64725953208061
1026	81.32259401066082
7694	80.85126222343737
4513	70.19287149232291
7422	68.71851562722753
8842	52.16811920195716
22035	46.9760484373237
581	41.172974089315645
596	39.7003501697764
3480	37.97384969850947
100508689	37.966859874871616
4089	37.76197576669619
10178	37.652088003409375
7421	34.58165072793985
7048	34.02948360871282
3645	29.240637386683865
174	28.52543153317454
2922	27.557794507478484
4316	26.334872613756353
960	26.179938363891303
51422	25.390612847122053
2520	24.910896165703328
7040	24.620069613124734
3091	24.13063567809517
11789	24.084417437654
3586	24.02481235547664
7298	23.623101855468093
11169	23.03606834551221
6317	22.571997773155395
9170	22.570386148945794
207	21.756480348012804
7433	21.311859038107652
10	21.16276759019012
2944	21.16276759019012
768	20.34022896530172
22059	19.637694747905407
3458	19.575058952570146
2100	19.28425570726259
5290	19.088972079281067
6917	18.34022896530172
8932	18.34022896530172
5122	18.34022896530172
126393	18.34022896530172
2952	18.34022896530172
92	18.16091226783348
3146	17.93720482926059
168400	17.65454434715512
3569	16.70940300539416
3481	16.060574142918025
5468	15.873762482778721
8856	15.705137949514377
7124	15.487657444144315
7852	15.25832065288229
5562	14.807158991576085
4524	14.612073233462777
3479	14.30003908750272
9429	14.211344299451873
3958	14.174157132198054
7351	13.985816051173096
4599	13.86595386286135
5329	13.697538745038408
4953	13.227043347533748
4072	13.174157132198054
7057	13.17011448265086
3490	13.111103405097396
9076	13.048958981106033
2925	12.718245346992962
7078	12.267477334763239
12387	12.190686402836043
1604	12.17011448265086
2065	12.134148304613417
4922	12.044700395299143
1437	12.039871138051033
4311	12.007133818861758
11799	11.595678606551104
7099	11.484176972881688
4318	11.475322525362124
3576	11.39940763196989
16193	11.311269981964044
8795	11.303539247503192
100507056	11.295401836575158
5670	11.174157132198054
9403	11.174157132198054
25406	11.174157132198054
354	11.174157132198054
23705	11.17011448265086
4322	11.17011448265086
672	10.900408421382147
1401	10.900408421382147
6528	10.75528535048197
8678	10.710493898710252
3815	10.671017604275786
3133	10.655929519053826
5728	10.41129032951984
57105	10.345848350612057
8811	10.34464182360022
3558	10.226032074952698
58492	10.226032074952698
966	10.17011448265086
4255	10.17011448265086
5159	10.17011448265086
4843	10.125287353924298
887	9.74062696630141
27035	9.672432647529378
27086	9.655929519053826
604	9.655929519053826
6521	9.655929519053826
284086	9.655929519053826
925	9.655929519053826
993	9.655929519053826
16009	9.655929519053826
3624	9.655929519053826
8718	9.528095072653713
7100	9.345848350612057
6714	9.240927811517405
2932	9.208632876212
16183	9.17011448265086
5627	9.17011448265086
3229	9.17011448265086
4595	9.17011448265086
851752	9.17011448265086
4359	9.17011448265086
675	9.17011448265086
7415	9.17011448265086
217	9.17011448265086
176783	9.17011448265086
28987	9.17011448265086
241	9.17011448265086
6358	9.17011448265086
176770	9.17011448265086
5053	9.17011448265086
12368	9.17011448265086
50493	9.17011448265086
21933	9.17011448265086
175499	9.17011448265086
51734	9.17011448265086
945	9.17011448265086
3561	9.17011448265086
720	9.17011448265086
760	9.17011448265086
266790	9.17011448265086
146279	9.17011448265086
340706	9.17011448265086
105782	9.17011448265086
51074	9.17011448265086
351	9.17011448265086
12010	9.17011448265086
116589	9.17011448265086
147719	9.17011448265086
841	9.124355232284067
1576	8.67292417530603
4582	8.477249693576738
3553	8.47720618206855
5045	8.363332248449513
6401	8.35928959890232
1044	8.295499723243971
51176	8.189314919865907
54474	8.184365092084255
5595,5594	8.183762513727578
4233	8.035660005407143
1525	8.0
3383	8.0
857	7.940988922446535
6480	7.823786867616625
283871	7.755175481004073
10223	7.706451249163059
7039	7.664649505232744
331	7.552002766150494
8837	7.494914265855243
5594,5595	7.209528237510011
2335	7.047599408621111
6361	7.04374530450153
3429	7.004042649547194
1869	6.8207458085240065
14103	6.759218130551267
1495	6.710809207140279
9518	6.6866242989648805
3949	6.672924175306028
11156	6.616203397722113
84432	6.4886257438282655
5328	6.474585079448994
836	6.472195738142442
1789	6.215620696231017
79444	6.076748913601825
10879	6.052876750866105
875	6.041936694592079
160728	6.037894045044885
8877	6.028464432441444
11200	6.012127948641582
6267	6.012127948641582
3606	6.008085299094388
10855	6.004042649547194
811	6.0
7015	5.895171923946533
430	5.8637431135141975
5744	5.849552964019928
1027	5.819744218069431
1994	5.815701568522237
8434	5.764625621515736
51754	5.707115093680434
4149	5.704544741248624
1241	5.672924175306028
2690	5.672924175306028
355	5.3684916102904285
57650	5.32242481856571
28996	5.31933802477422
406991	5.311252725679832
5295	5.307441371014946
6934	5.267927261488222
1950	5.174518463569883
5970	5.136456324112021
6387	5.123131952056229
27189	5.123131952056229
2526	5.102337131264812
8829	5.043556759073917
8549	5.040395781574509
7020	5.008085299094388
3897,801	5.008085299094388
648	5.0
5268	4.85565781441981
6678	4.8225386248884
5909	4.819744218069431
324	4.757311622636833
4869	4.755175481004073
1591	4.704860049678651
22949	4.702408599615865
474	4.700936302500481
77125	4.672924175306028
2150	4.672924175306028
2149	4.672924175306028
17082	4.672924175306028
5241	4.672924175306028
3953	4.672924175306028
14369	4.672924175306028
3156	4.672924175306028
128674	4.672924175306028
412	4.57367145634528
4851	4.550851477824542
5592	4.550374746257288
13866	4.501149415697191
839	4.457107652920483
3066	4.430974132023757
7296	4.415886046801797
406937	4.407121892109772
2902	4.385055695305623
23600	4.375862061772893
59290	4.355246949355126
1131	4.355246949355126
4830	4.35046815125024
6997	4.291457073696775
9622	4.250574707848596
83596	4.218771674942559
2697	4.199170446449355
928	4.198768353771952
24205	4.132467524851821
2353	4.130972489148798
2048	4.129330003471492
573	4.101635135377897
3732	4.097362852112379
3952	4.089280556558538
27065	4.067702790995382
257630	4.067702790995382
83729	4.041143840370366
13649	4.0246145697323765
1786	4.012334210009685
3682	4.008291560462492
387140	4.008085299094388
3037	4.008085299094388
17829	4.008085299094388
290	4.008085299094388
57823	4.008085299094388
5591	4.006178791179954
54825	4.004042649547194
4837	4.004042649547194
941	4.004042649547194
10410	4.0
240	4.0
22943	4.0
3162	4.0
1803	4.0
2920	4.0
1462	3.9478259788126984
7272	3.940988922446535
3667	3.9316005268134036
5829	3.891982056804883
6925	3.837407521154848
5650	3.815701568522237
5074	3.7623115485048437
3105	3.7551754810040734
5230	3.7511328314568795
5187	3.7511328314568795
13844	3.701672451058173
284	3.700936302500481
19225	3.631403137044474
5092	3.631403137044474
6232	3.631403137044474
1432	3.4557402943441646
3099	3.448196529281918
3172	3.446136044085428
4792	3.4459910284024415
5594	3.440652209122204
54739	3.4255641239002443
406967	3.411843397254603
9181	3.3533404414406918
12591	3.3512042998079323
5733	3.3512042998079323
374	3.3512042998079323
7076	3.3504681512502406
57447	3.3504681512502406
16153	3.347919690105245
3579	3.316666797503025
231507	3.315295375227026
56649	3.315295375227026
51129	3.3112527256798323
9370	3.2824498071084696
6522	3.2412656924224814
5580	3.2412656924224814
57007	3.2381074051463186
57188	3.2215781345083294
7424	3.2175354849611355
3921	3.2175354849611355
2272	3.2175354849611355
3315	3.1991704464493553
285	3.1806651445630356
1948	3.1661697197724776
1543	3.156528452220158
3439	3.1513492941304024
4790	3.1309724891487978
580	3.128288031946136
6624	3.1269542942020694
347736	3.125287353924298
7432	3.1232212067115572
7170	3.1219321448799606
50507	3.118020545559597
2796	3.1158844039268376
8313	3.1113642202438374
14828	3.1014055016595727
958	3.0852379070113445
20848	3.069690279970643
2114	3.0395141095267233
330	3.0395141095267233
7528	3.039412541576991
75604	3.0363531320273154
9344	3.0359875371304503
5980	3.033851395497691
842	3.0191307347691536
8091	3.004042649547194
407010	3.004042649547194
54845	3.004042649547194
7031	3.004042649547194
538	3.004042649547194
16728,12313	3.004042649547194
4017	3.004042649547194
10562	3.004042649547194
84557	3.004042649547194
389	3.004042649547194
3675	3.0021361416327594
56667	3.0
115426	3.0
5054	3.0
406947	3.0
7033	3.0
406938	3.0
3312	3.0
5786	3.0
794	3.0
8658	3.0
2921	3.0
59114	3.0
27044	2.9552641416386285
92140	2.9552641416386285
572	2.8919820568048835
406992	2.851128247800489
9451	2.851128247800489
5599	2.851128247800489
54205	2.837407521154848
3565	2.837407521154848
8742	2.8236867945092063
6354	2.815701568522237
12389	2.815701568522237
2627	2.815701568522237
10539	2.815701568522237
2254	2.815701568522237
4440	2.815701568522237
102	2.815701568522237
5578	2.6451614748517973
92840	2.5502943108116103
9232	2.5371307511789007
5894	2.4610791136244017
3717	2.4459910284024415
472	2.4255641239002443
5734	2.4255641239002443
6885	2.4255641239002443
5595	2.4255641239002443
8771	2.421666795142884
407040	2.396382505350907
7097	2.396382505350907
1728	2.3587597117127324
3779,10242,1934,10381,10382	2.3512042998079323
22861	2.3512042998079323
1244	2.3512042998079323
4363	2.3512042998079323
374907	2.3512042998079323
24842	2.3512042998079323
28955	2.3512042998079323
5294	2.3512042998079323
9669	2.3512042998079323
7263	2.3512042998079323
4513,1351	2.3512042998079323
10395	2.3512042998079323
2877	2.3512042998079323
397276	2.3512042998079323
5795	2.3512042998079323
8607	2.3512042998079323
10551	2.3512042998079323
9531	2.3512042998079323
7137	2.3512042998079323
84353	2.3512042998079323
14058	2.3512042998079323
55183	2.3512042998079323
16653	2.3512042998079323
79187	2.3512042998079323
4760	2.3504681512502406
1647	2.3504681512502406
10894	2.347919690105245
1081	2.347919690105245
202	2.347919690105245
4154	2.347919690105245
360647	2.347919690105245
51430	2.347919690105245
9547	2.347919690105245
1089	2.342822838885433
3577	2.316666797503025
2551	2.3112527256798323
10714	2.3112527256798323
57215	2.3112527256798323
23411	2.2569480265381263
254042	2.2505747078485956
29775	2.2505747078485956
3718	2.2326235701830957
2017	2.164699895501289
81620	2.125287353924298
100133941	2.125287353924298
5710	2.125287353924298
10988	2.125287353924298
6615	2.125287353924298
6868	2.125287353924298
51053	2.125287353924298
1452	2.1158844039268376
19211	2.1158844039268376
57534	2.1158844039268376
824	2.1158844039268376
15930	2.1158844039268376
619501	2.1158844039268376
30051	2.1158844039268376
12578	2.1158844039268376
3912	2.1158844039268376
26365	2.1158844039268376
29614	2.1158844039268376
20308	2.1158844039268376
20393	2.1158844039268376
315843	2.1158844039268376
17979	2.1158844039268376
14663	2.1158844039268376
190	2.1158844039268376
90	2.1158844039268376
2778	2.1158844039268376
216	2.102887271015722
3646	2.097362852112379
8202	2.0790282190534466
4092	2.0769971803206353
5617	2.04064404829332
3265	2.04064404829332
11545	2.04064404829332
29527	2.0395141095267233
4615	2.0363531320273154
4982	2.033851395497691
800	2.033851395497691
6302	2.033851395497691
474257	2.033851395497691
474259	2.033851395497691
474258	2.033851395497691
24577	2.033851395497691
150353	2.033851395497691
10393	2.033851395497691
17128	2.033851395497691
759	2.033851395497691
6403	2.033851395497691
12519	2.033851395497691
55422	2.033851395497691
6222	2.033851395497691
25563	2.033851395497691
4082	2.033851395497691
2736	2.033851395497691
3859	2.033851395497691
5604,5605	2.03017617044392
58477	2.0284644324414436
9817	2.020571920185183
4193	2.020571920185183
5295,5879	2.020571920185183
3589	2.020571920185183
5915	2.0150880852219597
5340	2.0150880852219597
1366	2.004272283265519
1238	2.004042649547194
20201	2.004042649547194
58861	2.004042649547194
3664	2.004042649547194
5610	2.004042649547194
114774	2.004042649547194
2118	2.004042649547194
840	2.004042649547194
93896	2.004042649547194
229658	2.004042649547194
5896	2.004042649547194
3250	2.004042649547194
1084	2.004042649547194
5696	2.004042649547194
5697	2.004042649547194
56848	2.004042649547194
7405	2.004042649547194
8518	2.004042649547194
327959	2.004042649547194
151242	2.004042649547194
406971	2.004042649547194
7448	2.004042649547194
9891	2.004042649547194
51316	2.004042649547194
7490	2.004042649547194
51330	2.004042649547194
20198	2.004042649547194
109779	2.004042649547194
27221	2.004042649547194
50616	2.004042649547194
394263	2.004042649547194
14594	2.004042649547194
11093	2.004042649547194
3992	2.004042649547194
26586	2.004042649547194
406906	2.004042649547194
652070	2.004042649547194
57863	2.004042649547194
4888	2.004042649547194
718	2.004042649547194
3324	2.004042649547194
3337	2.004042649547194
4680	2.004042649547194
2034	2.004042649547194
1183	2.004042649547194
3359	2.004042649547194
22337	2.004042649547194
4478	2.004042649547194
6657	2.004042649547194
5581	2.004042649547194
7520	2.004042649547194
51284	2.004042649547194
20371	2.004042649547194
9709	2.004042649547194
12977	2.004042649547194
14917	2.004042649547194
10563	2.004042649547194
17709	2.004042649547194
12028	2.004042649547194
6275	2.004042649547194
85458	2.004042649547194
14652	2.004042649547194
163786	2.004042649547194
160	2.004042649547194
199731	2.004042649547194
9340	2.004042649547194
18669	2.004042649547194
15370	2.004042649547194
1643	2.004042649547194
112406	2.004042649547194
25385	2.004042649547194
3600	2.004042649547194
16449	2.004042649547194
1435	2.004042649547194
134860	2.004042649547194
5777	2.0021361416327594
8651	2.0021361416327594
9575	2.0021361416327594
1000	2.0
4507	2.0
407004	2.0
780897	2.0
1020	2.0
10628	2.0
2113	2.0
3688	2.0
5653	2.0
864	2.0
10253	2.0
10011	2.0
3248	2.0
652	2.0
8741	2.0
79727	2.0
11040	2.0
94015	2.0
6382	2.0
27250	2.0
9002	2.0
84864	2.0
3932	2.0
3934	2.0
57016	2.0
2869	2.0
7098	2.0
84666	2.0
389421	2.0
5959	2.0
1113	2.0
3779	2.0
3552	2.0
5742	2.0
6608	2.0
26292	2.0
7702	2.0
5781	2.0
2059	2.0
5338	2.0
54106	2.0
358	2.0
117	2.0
1806	2.0
6287	2.0
2919	2.0
1839	2.0
2934	2.0
22914	2.0
43847	2.0
2735	2.0
83430	2.0
3620	2.0
2589	1.8556578144198097
6303	1.8556578144198097
112483	1.8556578144198097
284217	1.815701568522237
2554	1.815701568522237
18128	1.815701568522237
6722	1.815701568522237
6726	1.815701568522237
633	1.815701568522237
253782	1.815701568522237
5209	1.815701568522237
6790	1.815701568522237
284,283	1.815701568522237
13494	1.815701568522237
8793	1.815701568522237
900	1.815701568522237
5742,5743	1.815701568522237
22974	1.815701568522237
1152	1.815701568522237
5315	1.815701568522237
11689	1.815701568522237
3398	1.815701568522237
2069	1.815701568522237
328	1.815701568522237
4286	1.815701568522237
51079	1.815701568522237
64381	1.815701568522237
5199	1.815701568522237
23582	1.815701568522237
4915	1.815701568522237
25149	1.815701568522237
7468	1.7511328314568797
10309	1.7511328314568797
942	1.7511328314568797
7515	1.7511328314568797
6285	1.7511328314568797
1401,6287	1.7302939387312883
26648	1.7302939387312883
16846	1.7302939387312883
3482	1.7027239080458916
54600	1.7027239080458916
4548	1.5096502625182902
5037	1.4459910284024418
4217	1.4459910284024418
9564	1.4459910284024418
5562,8408	1.4255641239002446
1030	1.4255641239002446
56637	1.4255641239002446
468	1.4255641239002446
5293	1.4255641239002446
1958	1.4255641239002446
3480,3481	1.4255641239002446
9294	1.4255641239002446
20309	1.4255641239002446
6502,5715	1.4255641239002446
5290,5266	1.4255641239002446
12765	1.4255641239002446
6469	1.4255641239002446
4088	1.4255641239002446
11798	1.4118433972546032
1111	1.4118433972546032
7516	1.4118433972546032
7386	1.4118433972546032
23594	1.4118433972546032
5800	1.4118433972546032
1015	1.396382505350907
55502	1.396382505350907
8788	1.396382505350907
34529	1.396382505350907
4069	1.396382505350907
6583	1.3504681512502406
17075	1.3504681512502406
2821	1.3504681512502406
406939	1.3504681512502406
53630	1.3504681512502406
406881	1.3504681512502406
23598	1.3504681512502406
1488	1.3112527256798325
25984	1.3112527256798325
10265	1.3112527256798325
81572	1.3112527256798325
14181	1.3112527256798325
18519	1.3112527256798325
10755	1.3112527256798325
10521	1.3112527256798325
83734	1.3112527256798325
5782	1.3112527256798325
362	1.3112527256798325
133	1.3112527256798325
29789	1.3112527256798325
2324	1.2803136654757101
2321	1.2803136654757101
8633	1.2803136654757101
7098,54106	1.2803136654757101
2980	1.2803136654757101
10808	1.2175354849611355
9219	1.2175354849611355
1378	1.2175354849611355
388969	1.2175354849611355
387332	1.1991704464493556
6935	1.1991704464493556
64090	1.1991704464493556
5411	1.1991704464493556
957	1.1991704464493556
3958,51083	1.1991704464493556
15218	1.1806651445630356
10923	1.1806651445630356
9806	1.1745273409493608
442890	1.1745273409493608
1482,4824	1.1745273409493608
387700	1.1745273409493608
56729	1.1745273409493608
1807	1.1745273409493608
2122	1.1252873539242978
2395	1.1252873539242978
634	1.1252873539242978
6167	1.1252873539242978
3936	1.1252873539242978
14160	1.1252873539242978
109585	1.1252873539242978
215114	1.1252873539242978
18216	1.1252873539242978
5655,3816,5653	1.1252873539242978
991	1.1252873539242978
5552	1.1252873539242978
3164	1.1252873539242978
10581	1.1252873539242978
5358	1.1252873539242978
223870	1.1252873539242978
51645	1.1252873539242978
4060	1.1252873539242978
407975	1.1252873539242978
7186	1.1252873539242978
3816	1.1252873539242978
9149	1.1252873539242978
23196	1.1252873539242978
7430	1.119178557164363
7018	1.119178557164363
8797	1.102887271015722
20585	1.102887271015722
79888	1.102887271015722
13642	1.102887271015722
24525	1.102887271015722
13846	1.102887271015722
6035	1.102887271015722
80381	1.102887271015722
4924	1.102887271015722
3880	1.0973628521123788
6910	1.0973628521123788
1946	1.0973628521123788
406997	1.0973628521123788
977	1.0973628521123788
3397	1.0973628521123788
3855	1.0973628521123788
3622	1.0973628521123788
6513	1.0852379070113447
9519	1.0852379070113447
5604	1.071850110717114
6502	1.071850110717114
64374	1.071850110717114
23731	1.0559175923018396
12822	1.0559175923018396
9032	1.0559175923018396
2691	1.0559175923018396
4282	1.0559175923018396
6279	1.0559175923018396
117064	1.0559175923018396
3630	1.0406440482933201
12671	1.0406440482933201
7414	1.0406440482933201
13498	1.0406440482933201
101095698	1.0406440482933201
59086	1.0395141095267233
23476	1.0395141095267233
1523	1.0395141095267233
83719	1.0395141095267233
1192	1.0395141095267233
1191	1.0395141095267233
10116	1.0395141095267233
11450	1.0395141095267233
4248	1.0395141095267233
5867	1.0394125415769908
2146	1.0394125415769908
51141	1.0394125415769908
406982	1.0394125415769908
406979	1.0394125415769908
5030	1.0394125415769908
5029	1.0394125415769908
406900	1.0394125415769908
2837	1.0394125415769908
8817	1.0394125415769908
16190	1.0363531320273152
21977	1.0363531320273152
6405	1.0363531320273152
8740	1.0284644324414436
51029	1.0284644324414436
10575	1.0284644324414436
64146	1.0284644324414436
56717,21977	1.0284644324414436
13117	1.0284644324414436
862	1.01508808522196
867	1.01508808522196
2161	1.01508808522196
269	1.01508808522196
12364	1.01508808522196
54860	1.01508808522196
7074	1.01508808522196
382056	1.01508808522196
5563	1.01508808522196
4254	1.01508808522196
4320	1.0082915604624918
667	1.0082915604624918
5320	1.0082915604624918
19374	1.0082915604624918
314322	1.0021361416327594
682	1.0021361416327594
855836	1.0021361416327594
6193	1.0021361416327594
1736	1.0021361416327594
1594	1.0021361416327594
1106	1.0021361416327594
65057	1.0021361416327594
4683	1.0021361416327594
5524	1.0021361416327594
7707	1.0021361416327594
2067	1.0021361416327594
317	1.0021361416327594
55651	1.0021361416327594
9994	1.0021361416327594
25798	1.0021361416327594
10043	1.0021361416327594
15361	1.0021361416327594
1200	1.0021361416327594
362282	1.0
2305	1.0
5819	1.0
6775098	1.0
3875	1.0
10413	1.0
2313	1.0
283358	1.0
9	1.0
407014	1.0
55106	1.0
1233	1.0
10631	1.0
1493	1.0
5607	1.0
4512	1.0
6932	1.0
1019	1.0
5618	1.0
1017	1.0
26198	1.0
1012	1.0
3678	1.0
21752	1.0
3202	1.0
407050	1.0
1489598	1.0
3216	1.0
858	1.0
80329	1.0
27030	1.0
4312	1.0
5644	1.0
6751	1.0
3485	1.0
23326	1.0
873	1.0
4586	1.0
3491	1.0
886	1.0
2157	1.0
6755	1.0
405	1.0
6772	1.0
657	1.0
417	1.0
56834	1.0
6781	1.0
319801	1.0
129807	1.0
5465	1.0
56616	1.0
6564	1.0
8744	1.0
7412	1.0
688	1.0
19247	1.0
22418	1.0
17063	1.0
9837	1.0
19015	1.0
89780	1.0
8763	1.0
54463	1.0
14802	1.0
406986	1.0
4179	1.0
6590	1.0
231	1.0
489	1.0
5269	1.0
1906	1.0
4194	1.0
8553	1.0
54809	1.0
406962	1.0
8554	1.0
23028	1.0
4192	1.0
6383	1.0
17831	1.0
8572	1.0
283	1.0
9444	1.0
9447	1.0
51588	1.0
7037	1.0
7036	1.0
26504	1.0
10164	1.0
7046	1.0
20850	1.0
57460	1.0
83998	1.0
1977	1.0
10825	1.0
1508	1.0
9245	1.0
7077	1.0
9255	1.0
574045,1668	1.0
653361	1.0
9021	1.0
3956	1.0
100133790	1.0
84668	1.0
29841	1.0
15446	1.0
4838	1.0
4831	1.0
30837	1.0
3987	1.0
1329	1.0
4836	1.0
5925	1.0
2668	1.0
5930	1.0
3757	1.0
1351	1.0
168002	1.0
1588	1.0
2921,2919	1.0
3549	1.0
3303	1.0
706	1.0
388112	1.0
5732	1.0
27161	1.0
1154	1.0
2241	1.0
10507	1.0
12929	1.0
968	1.0
4670	1.0
3339	1.0
28234	1.0
5757	1.0
18442	1.0
3598	1.0
84168	1.0
10381	1.0
10382	1.0
2045	1.0
6876	1.0
8824	1.0
8828	1.0
4000	1.0
8840	1.0
4486	1.0
302	1.0
23671	1.0
6670	1.0
6671	1.0
23886	1.0
3159	1.0
126006	1.0
8846	1.0
4249	1.0
5111	1.0
5598	1.0
563	1.0
54567	1.0
8613	1.0
90627	1.0
25803	1.0
6693	1.0
4035	1.0
12737	1.0
56753	1.0
578	1.0
7538	1.0
12505	1.0
79626	1.0
55679	1.0
8650	1.0
597	1.0
8661	1.0
14221	1.0
367	1.0
6493	1.0
7103	1.0
5169	1.0
4070	1.0
8668	1.0
4086	1.0
100124700	1.0
142	1.0
1800	1.0
11179	1.0
6277	1.0
10052	1.0
7133	1.0
6288	1.0
1824	1.0
6291	1.0
140690	1.0
9338	1.0
1607	1.0
7161	1.0
2706	1.0
2705	1.0
67398	1.0
9351	1.0
2950	1.0
7189	1.0
27346	1.0
574460	1.0
7184	1.0
1874	1.0
4902	1.0
13198	1.0
1890	1.0
1645	1.0
8050	1.0
9397	1.0
16202	1.0
57152	1.0
1668	1.0
84515	1.0
1676	1.0
3856	1.0
260425	1.0
1687	1.0
