7157	2081.2822271680116
3845	840.8360202626254
1499	806.4767034475792
1956	798.1763477747155
7298	785.2041991887329
2064	765.9573162677829
7422	516.491119481519
8743	491.78011426921296
1026	490.94940677982254
1048	426.9980592173524
7124	407.8470511319918
4609	382.7672592626695
673	374.438768160644
5562	309.90794107454275
6774	253.27119103788513
4513	252.65727982248
111518	250.26272632930656
5743	244.84122921222044
4292	242.35166014462988
999	239.75573164997544
7039	231.78588193069882
4583	211.42235217566866
8842	206.38155480327077
100508689	205.67027060117272
5243	184.50147220837152
7040	173.0728922602225
4313	172.49598238643162
3553	170.7549024761897
356	168.1326343252398
2520	165.37549805560062
346389	163.54966359105887
3952	159.32145675584977
595	156.3478326306337
4316	155.9292004197389
598	152.90156142856253
3791	144.5537195729656
7421	141.66075645141242
3569	140.56016193557173
5594	140.31876982314213
1045	136.66689991536444
4089	134.60612782606893
4436	133.56278392711678
1029	128.74887764648867
2100	126.98413697293117
596	117.84501886971668
3576	117.54892205741481
3429	114.06098966064914
2944	111.56381156752126
7431	110.66001259908462
3439	109.41636548923815
5468	105.66065374651849
581	103.75760904187283
1630	103.26022457950023
3480	100.96261692259483
3091	99.08951949296228
7099	98.03929933454698
22943	97.24975329200487
27035	95.19892558323792
8313	91.93639404658414
54905	89.85085635351435
5074	88.67934711610089
7432	88.67914816176234
9314	88.54964702654088
6590	88.51969758740418
92	86.4585079831237
5290	86.28533601992355
2099	84.12791550459725
406913	82.69114025431641
836	82.42809839656597
3309	82.35022701185638
3855	81.84271829451846
3479	81.35909243006817
960	80.99425130076388
4318	77.17518313646407
545817	76.52494718013965
3586	75.65056980304162
17857	75.38475592223381
6778	74.87646656875906
8837	74.82639894694124
467	73.27800520596769
4502	72.72838846739518
2274	71.91132279708042
207	71.6424228523449
324	71.6034375153163
6678	71.12990070581803
140859	70.59875424162135
782	70.59875424162135
72587	70.59875424162135
10	70.56724274417759
57650	68.88625361974316
3481	68.10207977451024
2065	67.60672975831847
3458	67.30457082468062
17709	67.29114855539778
6615	67.24502954171564
5594,5595	66.95322287242712
2353	66.71638751842075
4953	66.41966543996978
9370	65.72207880330525
21977	64.84944081695612
9429	64.52962426249863
5604	62.75394148106984
407035	62.74878467029103
1027	60.87201062717395
4602	59.40437986512604
3958	59.17558544567767
4843	59.055380452173196
4869	58.904872974297426
7694	58.758304579115496
9076	58.45896188780277
2697	58.26758126985384
1462	57.389167902426664
11200	55.37284801970403
8817	54.98402910767369
5728	54.75292623441123
12519	54.189874238126905
4893	54.17594425098827
842	53.893500579030565
406952	53.810895444086924
5328	53.75474997375359
6667	53.604380334832754
16153	53.52171334071244
3146	53.13275796488658
602	52.702965005624876
54474	52.17549911867589
572	52.11908839358883
18712	52.06717557251908
8754	50.871844506640976
25563	50.444328213636425
1044	50.40403986653778
862	50.38116133813852
493	50.290429042904286
11789	50.20576617854246
7852	49.70833784289764
4790	49.42921358269606
22933	49.40157983319709
4233	49.32208775344661
7184	49.161868251859005
283871	49.10958657437449
56648	48.96699669966996
1435	48.8880019601546
5054	48.178600271956185
4920	48.11221013646609
1612	47.85831247743168
171024	47.72824427480916
7424	47.64776055851546
6955	47.64356435643565
12576	47.64356435643565
4922	47.591569827205454
27161	47.31510007940692
4193	47.257309500686574
6502	47.05397810839934
203	47.04950827074659
738	47.04950827074659
284,738,51378,27329	47.04950827074659
28912	47.04950827074659
939	47.04950827074659
1111	46.71178413387132
8856	46.59814971805665
8795	46.11760086514418
857	45.99089194525136
5595,5594	45.72641382105739
1401	45.61974512067231
4582	44.88756345315412
5744	44.766192565132684
3815	44.359486441886844
2526	43.363579948667876
6690	43.19170614102984
633	42.57971753961993
64374	42.34983498349835
3159	42.300909210201226
2922	42.17630295062013
6714	41.08085466444649
4838	40.95490435249353
1017	40.736715674349306
415116	40.72423379917089
3315	40.5413035847299
841	40.47803565140452
84353	40.340293669737434
5329	39.574392641726554
7048	39.490760464291185
5584	39.28720618540727
23451	39.28720618540727
7015	39.09000886281394
22035	38.28854389853671
213	37.868930882803326
23411	37.71366740156285
7430	37.056105610561055
7018	37.056105610561055
7474	36.96152397079106
2934	36.78159830583792
3960	36.372067519621545
6098	36.051564865142076
51422	35.82592833242175
406991	35.789700448639195
60489	35.598707300302294
2735	35.517940684570284
5578	35.40370226506615
406937	35.325033492252444
10178	35.23197712652116
8434	35.18136860084081
23013	34.79836170911589
6280	34.72336964083558
442918	34.32961764850256
3630	34.288302099063095
406967	34.099798352309264
83729	34.03739923589258
1437	33.851924587083104
1906	33.77931625579646
8505	33.709638485450284
5783	33.44175618060252
627	33.16701983289437
5467	33.10185805861492
10988	33.097633751574804
27044	32.91470675744663
3565	32.73942684365504
1019	32.63664036894442
91768	32.541984732824424
796	32.541984732824424
574	32.541984732824424
407017	32.243505596483814
1977	31.930291410491268
5829	31.87159292010626
5268	31.746379280826268
56717,21977	31.582552934690042
3611	31.498713454440747
7351	31.422054447032988
406947	31.406362031749957
2736	31.400266541934933
3303	31.33301546861906
57817	31.285593952363733
1244	31.251557773628495
5653	31.11486554193221
7764	31.038046915223394
3552	30.39309434090057
11065	30.05659404781375
79626	30.050743633844856
11156	29.940599285791908
1021	29.921935565130703
2833	29.76148772526043
8650	29.54331708868795
4595	29.28064039635125
3248	29.275383616687616
29775	29.262006950953097
56667	29.059859657546728
22059	28.711574691511828
406997	28.627342733682696
2925	28.54792667993225
5058	28.523607557353966
22919	28.203053435114505
3172	28.140508443496998
331	28.123664246410506
7046	28.11223195143225
573	28.07040775846704
1525	28.0465568968953
5055	28.005446599045104
24481	28.005446599045104
19211	27.89364142542484
7296	27.82428355294645
2932	27.761443770782712
4524	27.534096032458937
4144	27.364273484949088
3066	27.30535423653493
887	27.039808109480216
3276	26.851738098896632
9971	26.666838220794954
941	26.619526815777146
5740	26.52564624985734
9170	26.482029587422083
6361	26.364577956889356
3383	26.335711369565303
4968	26.217811441815513
2113	26.144462106988946
1869	26.022562587124263
1604	25.91643537776603
811	25.831639071699144
6935	25.74491575614135
580	25.731868054866275
5315	25.469612213498653
54205	25.40673854099503
10641	25.397527147618536
4437	25.37878228989096
6382	25.222768347282194
51176	25.134911174623127
1789	25.005279615163353
1994	24.9876822703771
5581	24.912274738469947
10855	24.724858728321266
5340	24.705602077427294
4170	24.65888054918733
650	24.56368509981238
25404	24.507042253521124
3606	24.397483744455
3953	24.235962037699494
3490	24.081813340805496
382056	24.061382027077173
9344	24.020273551867735
27065	23.892388393849988
5742,5743	23.71504656548026
474	23.586953101889428
993	23.474393441557904
81620	23.448819317879998
51053	23.448819317879998
100133790	23.429757303175233
1024	23.426849827338604
1576	23.399613550249047
3718	23.061174791648803
3717	23.042615760216783
1089	23.03404867187171
2335	22.984067154337975
407050	22.949056541623257
5592	22.919975461111225
54658	22.80893158348026
664	22.76938121280884
9734	22.743751248475178
2194	22.730465055278536
7528	22.697531514152757
8877	22.605629241015258
16196	22.464788732394368
567	22.464788732394368
6383	22.352582281580066
9518	22.32947143183874
338442	22.298700696342713
4792	22.165729173203175
2272	22.097069952326237
3921	22.03018510741459
1495	22.01627472247597
54463	21.816266442474618
26292	21.767437776641515
3620	21.309928739505576
5757	21.253763646244707
4836	21.036702387908925
8678	21.015408167187708
6480	20.91131482169438
3342	20.754156714149303
12575	20.754156714149303
4192	20.66388109915867
19225	20.515305014534924
1634	20.454977939417493
6925	20.451571723638747
860	20.442124931808785
4052	20.439716643248044
262	20.422535211267608
554210	20.422535211267608
4015	20.422535211267608
10253	20.223236254317214
6387	20.20845903226513
4072	20.124975747013885
57007	19.982001275836012
5819	19.93345834184812
5045	19.90780176463277
10659	19.90294330116852
3667	19.829549189799405
13866	19.723289496312642
54739	19.52311249959251
4163	19.493174313970197
2739	19.390510155955926
4830	19.195939208486617
6401	19.155909737129964
3162	18.95446627536838
3784	18.682724014389592
8829	18.41582399866135
55733	18.37035665398601
6750	18.339359593647035
4851	18.284960514285075
182	18.254517135099682
1643	18.159726216896296
6046	18.14396334289908
100302276	18.126681155469228
25803	18.118533362064426
2017	18.074305270982407
1000	17.99274877571173
3265	17.987476665675892
406979	17.982009639805263
240	17.930495626262726
5894	17.910097125538197
27189	17.868520806260534
56616	17.782903433624696
1649	17.734492785936553
864	17.68293073438799
57188	17.533207032168644
3732	17.47459919366201
10395	17.435848176384383
3326	17.399180854557944
6696	17.399180854557944
7170	17.30294225076345
2980	17.294471235208484
5733	17.1990671595372
168400	17.14007398460369
407040	17.101269452666717
2146	17.093287539188893
389421	17.01731116334421
3977	16.973892457662874
54825	16.8160419420548
1786	16.80507345367516
10223	16.787315218923133
1364	16.779812532376774
58492	16.701454345035792
1591	16.696861200688396
5241	16.67655111948148
23028	16.667132871745494
5037	16.603510401272374
8718	16.521674434663637
8771	16.51278700625103
6317	16.449546243118675
9824	16.338028169014084
1969	16.338028169014084
11211	16.338028169014084
6477	16.338028169014084
12387	16.32258964397089
4217	16.21291484736158
5411	16.096095184166654
9093	15.880519131878147
57105	15.875819726780641
6275	15.86259848549562
7074	15.817369935235924
5867	15.696822922266422
51141	15.696822922266422
5030	15.696822922266422
5029	15.696822922266422
2837	15.696822922266422
406982	15.696822922266422
406900	15.696822922266422
3485	15.629942102191439
18627	15.604480449969447
839	15.589036836446638
51339	15.588557661453777
24224	15.586863437744206
50616	15.553139937724428
5580	15.366972376189839
24205	15.360219036363572
768	15.338366396572436
5295	15.307962629957213
174	15.208094298712464
19017	15.186259541984732
10681	15.186259541984732
4211	15.186259541984732
2547	15.186259541984732
10891	15.186259541984732
29108	15.186259541984732
1434	15.186259541984732
2048	15.15392438356327
330	15.15275436144491
6528	15.018728564845144
648	14.937291653315983
57447	14.900070105204577
3897,801	14.888694404182077
7057	14.817632959028373
7078	14.7093108355865
1432	14.701832018279587
23481	14.597292798189093
9564	14.578444058146273
27121	14.54186406194964
3273	14.510637587050613
794	14.507061728429022
19015	14.374164541697448
8841	14.332845467497156
3949	14.331183106318463
6513	14.325319710083429
388969	14.315588782248316
10808	14.315588782248316
9219	14.315588782248316
1378	14.315588782248316
406932	14.295774647887326
22938	14.295774647887326
5789	14.295774647887326
79444	14.283994623695104
2867	14.180500700251535
51177	13.918579770922253
23705	13.86280609721134
64090	13.751399338791144
3958,51083	13.751399338791144
387332	13.751399338791144
957	13.751399338791144
3251	13.74502876034835
4025	13.74502876034835
100507056	13.60836706435533
2182	13.60053999286635
358	13.598423692134471
57016	13.598423692134471
3558	13.373544242879618
3156	13.369010109569455
11450	13.300138790740645
7341	13.280504702266859
16653	13.21604885674942
7100	13.161114922966927
2528	13.145399445027172
5321	13.145399445027172
10410	13.135843138649637
14103	13.108406717175509
10879	13.03953027848086
246	13.031168239604467
2920	12.941903693152604
283	12.925972409447517
406935	12.90419630976393
15361	12.904016981654179
43847	12.762144499451193
875	12.71040197057944
5650	12.698433142381948
117	12.63453294294068
92140	12.627038429160097
7076	12.602534756505674
9622	12.529070150434908
717	12.496454323172646
1803	12.473757925364477
20848	12.41745389445548
17395	12.414328365542286
407004	12.291428239957892
2627	12.262774957189855
5307	12.253521126760562
28996	12.244232765991386
64127	12.127756571719404
7515	12.12747949802818
202	12.11692375839731
2551	12.048676039032342
160728	12.041847800437587
1950	12.031672690185285
84432	11.956153293593866
430	11.902802487938313
3645	11.87644123132054
10562	11.811246540604147
51754	11.789787015004094
4680	11.768702383048229
11169	11.728939793074035
4322	11.709793382754054
23600	11.698995963350296
374	11.623128648017508
3622	11.59678031208787
3688	11.586350517109548
3579	11.572832449501103
79727	11.556170171007711
16193	11.509547540162123
7433	11.506781553402309
3646	11.505228819761431
7020	11.502012866104867
126393	11.49289331890331
5970	11.484292587298938
8549	11.465511240621431
5159	11.362910238338245
3164	11.359499240303554
2952	11.31285857727571
1806	11.309754024393587
3065	11.2293513961782
1012	11.212567675281134
13649	11.209447484434513
2309	11.202728354020657
2321	11.084752968964297
6469	11.078942241376385
7097	11.05340917762166
94015	11.048969101664477
24525	11.000104867016034
85458	10.96049694035699
1241	10.94736118997838
54600	10.938768640309508
2690	10.929733054512486
231	10.883718888320757
6932	10.883718888320757
3956	10.883718888320757
2705	10.883718888320757
9397	10.883718888320757
652	10.838425138490027
412	10.786724771452697
5169	10.682781995277702
24835	10.663033607731169
5915	10.650678714182014
4599	10.650471577149478
75604	10.592588836076612
51430	10.54669273631037
54861	10.37649653821359
966	10.312508165841752
407037	10.266436492482569
26579	10.25209856240479
64177	10.25209856240479
2921	10.22719888933889
11199	10.211267605633804
16176	10.211267605633804
574511	10.211267605633804
6623	10.211267605633804
24257	10.211267605633804
3596	10.175918698930992
118471	10.160343385905025
406938	10.135443712839127
84666	10.06255190321295
11799	10.03526790921715
5076	10.024018639519984
80381	10.017505079897383
2956	9.988810490533808
3932	9.978920562556176
672	9.91108888590459
6608	9.878842427247072
29841	9.799473049708
50507	9.775101657599397
92840	9.738842871552128
6997	9.695606870838207
928	9.677249422048646
4915	9.675087901017106
6267	9.652854749760985
6934	9.617120249516713
1946	9.590985133434266
6863	9.513742739695507
843	9.512158974789916
5187	9.387875021148567
5230	9.387875021148567
57154	9.336016096579478
3682	9.320041259659163
57823	9.315582027689612
4312	9.252913538669603
5909	9.224834407946698
347736	9.170659590590827
7704	9.149132802261853
6876	9.146451118739051
257630	9.141711448230152
84864	9.13787308725035
977	9.111118803865747
3105	9.093157834548187
7161	9.065341749384928
285	9.060388470635683
3482	9.022279674223908
5599	8.989540972978265
8651	8.959450166634122
2069	8.954824023833057
77125	8.925253306858973
27250	8.902878075109683
20198	8.831219208965313
958	8.818920460819509
3099	8.806049783950684
7702	8.794014341640976
84168	8.787081507395078
290	8.779932345216166
4149	8.73739426800384
10413	8.732891238701162
1594	8.720538118884424
4837	8.647027857547759
5670	8.599434079362597
4440	8.573081375169775
1084	8.548557866506549
2668	8.518508734796148
58936	8.497382121248515
6354	8.492239791042868
11689	8.48558154764645
5617	8.440241465051063
7272	8.384698506742353
6476	8.37514330651778
83596	8.371582200184053
50943	8.307560677981598
102	8.288286891161396
1824	8.287516517300398
840	8.278184647951365
355	8.242946088993527
6693	8.227100116873373
284086	8.204218218275237
5338	8.202761211256306
10116	8.188987186376629
2034	8.187665515953327
5591	8.177494972571104
9837	8.174430672384755
114851	8.169014084507042
20544	8.169014084507042
280838	8.169014084507042
68010	8.169014084507042
30001	8.169014084507042
7428	8.169014084507042
13018	8.169014084507042
246775	8.169014084507042
10928	8.169014084507042
2150	8.168976866804277
115426	8.144114411441144
3312	8.144114411441144
8658	8.144114411441144
59114	8.144114411441144
7033	8.144114411441144
5786	8.144114411441144
28234	8.128637745822278
1958	8.027661244213004
22974	8.022949713732771
7031	8.015407531631789
4017	8.015407531631789
6624	7.992485148319444
3929	7.987296591437378
1152	7.98042972728766
5734	7.928298278832264
20309	7.928006812303794
8932	7.917627487547026
5122	7.917627487547026
6917	7.917627487547026
6657	7.907458819634805
9232	7.8382031398660015
10628	7.824881040090226
5742	7.824881040090226
1839	7.795757949349324
4507	7.7814811700779245
983	7.769030243238151
2919	7.726371387802082
140453	7.710894722183216
3675	7.67458152646449
1543	7.669945372552362
9181	7.610580303380328
100133941	7.586206675753827
8788	7.574963538269799
489	7.51741787572958
5781	7.512494085525176
407010	7.50362203799295
20393	7.499428207664951
10625	7.491958437476203
1113	7.47166312875419
7185	7.455070899049497
6596	7.43961330115123
4088	7.436113835144999
5598	7.403272824333074
56729	7.3912363939966355
100124700	7.387200159671292
5696	7.383787205715823
7098	7.345898573713029
56834	7.34380028965899
2114	7.291042345832585
9002	7.279746239426809
13844	7.271724342492956
1030	7.194727293801124
688	7.191057738228196
9403	7.176431993693841
354	7.176431993693841
25406	7.176431993693841
3359	7.155867085687877
142	7.134285739780326
83430	7.13128754189973
1647	7.101060232775793
12929	7.097449132748293
8140	7.066048324364106
2070	7.066048324364106
8763	7.050729950587206
2778	7.017629497459909
12765	7.010703713416177
7103	7.009008482908302
6352	6.983335830577678
1948	6.978894145405438
100616461	6.977187293048075
79187	6.974878664405528
6662	6.9243409958066175
8826	6.9061194092400555
5395	6.876255534900352
720	6.839159271622468
254042	6.838049175329717
3600	6.835985150278229
2247	6.826654308260894
284	6.783272536836882
14058	6.779135336765442
7042	6.75976946334924
55748	6.7560102064248415
5111	6.754408111289061
13846	6.739494255013695
9451	6.723498723259848
406992	6.723498723259848
1015	6.6935856357234655
12671	6.688021104414831
4255	6.673518547587228
5604,5605	6.6633061347838485
6522	6.654260715842579
2902	6.640931117473218
3779	6.626823804965492
63955	6.6093366936126525
19016	6.605386708640694
2597	6.597354227654101
5092	6.585022708425309
6232	6.585022708425309
128674	6.580557461483464
2149	6.580557461483464
17082	6.580557461483464
14369	6.580557461483464
29527	6.567666843416853
5347	6.565854643931796
8742	6.545723194126591
51129	6.534262748877168
20850	6.50274262716049
22949	6.492222349166779
1131	6.463729424503718
59290	6.463729424503718
14828	6.447433835984487
387140	6.435236499840657
3037	6.435236499840657
17829	6.435236499840657
5563	6.400890164024979
1192	6.392212823819019
406933	6.391071711895998
28987	6.389027488742384
4179	6.353694422068239
6009	6.343891532051372
58477	6.291811139458651
4311	6.2847971474708295
1268	6.2773699296612815
1909	6.275442109159897
4780	6.248700852514383
16183	6.244000461312355
8277	6.239907452385997
1607	6.226402661261658
6734	6.220115308825214
4772	6.212784940030026
57215	6.1716295075139485
1841	6.159291629129303
9338	6.145884114977815
11819	6.126760563380281
1236	6.11000185556598
5980	6.109524746703543
10714	6.104952764346027
6419	6.086307482519991
6885	6.076454165443638
5595	6.076454165443638
472	6.076454165443638
4249	6.010669131712222
12389	6.0072161580263685
10539	6.0072161580263685
2254	6.0072161580263685
58861	5.990969853549204
100124466	5.973987904193947
12737	5.964791293783897
12591	5.960815978397104
8091	5.932323053734043
84557	5.932323053734043
389	5.932323053734043
54845	5.932323053734043
538	5.932323053734043
16728,12313	5.932323053734043
7372	5.8803444167661585
51734	5.875302709859113
5175	5.829985942356706
7494	5.829985942356706
406906	5.814153346637227
25984	5.794244832000757
9447	5.783941900446768
1588	5.783941900446768
2706	5.783941900446768
8772	5.7780947985674675
3133	5.7533907767011545
3660	5.7494668982568
7297	5.7494668982568
406996	5.747356065789007
4982	5.739515788265337
3397	5.723835109288286
5335	5.7166762964640405
619501	5.706132141710301
6910	5.672973802490764
6722	5.637207199588163
23582	5.614081385565765
133	5.590201965871849
760	5.587846986782984
93896	5.569689812370823
7490	5.569689812370823
4363	5.5673272117909605
6790	5.550940467436192
216	5.545795586322707
2796	5.54049141767506
4615	5.533188186887388
14917	5.514580030094981
14160	5.496165560235347
4586	5.48805640744259
160	5.483660499638747
800	5.477904420787576
4092	5.474782947677968
1020	5.429409607627429
11040	5.429409607627429
2869	5.429409607627429
5959	5.429409607627429
2059	5.429409607627429
780897	5.429409607627429
10011	5.429409607627429
8741	5.429409607627429
3934	5.429409607627429
54106	5.429409607627429
6287	5.429409607627429
22914	5.429409607627429
12977	5.405477444007049
9968	5.403737354751179
1728	5.398069908816326
7037	5.37324451436656
8050	5.37324451436656
11545	5.371004368418009
16009	5.297115086110978
2161	5.258632640882897
54860	5.2487272384986445
5294	5.237440475981372
328	5.209000320298254
25149	5.209000320298254
968	5.208724327037842
83719	5.203161435131605
5624	5.201561565056526
11107	5.193070193433797
1452	5.170482459236855
3605	5.164716028156493
57530	5.160508994754451
3598	5.15786302024032
7114	5.146387777567373
10164	5.144918548782586
51079	5.1443554676012795
3664	5.134107216005928
12578	5.122748394035999
6303	5.1068237270451435
6868	5.0921871525297
5710	5.0921871525297
17979	5.084215727084883
2305	5.081053145535609
327959	5.069462363308953
9444	5.066776366264209
5925	5.066776366264209
90627	5.066776366264209
4512	5.059400649189223
657	5.059400649189223
3757	5.059400649189223
388112	5.059400649189223
302	5.059400649189223
8824	5.059400649189223
4086	5.059400649189223
5607	5.051201261882579
9886	5.047176606182269
675	5.046794365718023
9531	5.042819696532183
1351	5.0359208410212855
16428	5.015253299181312
260425	4.9998915213525565
1440	4.9996427378088315
12505	4.9917287272084945
6331	4.9843977739383885
2950	4.9807470535321325
9575	4.959876722650776
5777	4.959876722650776
64146	4.940873969892348
23594	4.935514186720262
5291	4.9322135588653
3577	4.926695076297427
4924	4.92236268063039
7150	4.921081210021679
7453	4.9181051280700085
3875	4.872580311243189
5928	4.864623501750273
284217	4.863810338471561
10297	4.860427489937742
4282	4.852589032836048
367	4.834002013773591
11179	4.797789281711461
25792	4.7909428649255945
4760	4.748988670325298
6256	4.7261693224907315
55333	4.716687469670369
64283	4.71389695277672
1233	4.706034105211697
17063	4.706034105211697
8828	4.706034105211697
4486	4.706034105211697
578	4.706034105211697
83781	4.70414312490099
339390	4.70414312490099
1469	4.689391690751018
25861	4.689391690751018
9188	4.689391690751018
58985	4.689391690751018
6279	4.689248503057952
8793	4.6889759711351235
19216	4.672495355857578
655	4.66591188258308
11140	4.654013701630495
1890	4.653216486226322
374907	4.642575791505859
43	4.637258279989338
6772	4.631193769899315
8554	4.631193769899315
405	4.631193769899315
10370	4.585689867889705
20230	4.570373435077684
8840	4.56654891720234
597	4.56654891720234
55124	4.539930756537216
9402	4.532084499436836
51701	4.532084499436836
55502	4.505726441636745
34529	4.505726441636745
4069	4.505726441636745
873	4.503357790268859
10825	4.503357790268859
406962	4.502337719491855
51014	4.4920474186627475
1366	4.490343837674122
4548	4.486008210230935
1571	4.474582745810398
9131	4.474582745810398
66892	4.474582745810398
7032	4.474582745810398
6386	4.46723661087842
6093	4.46723661087842
9610	4.4639930553353855
9149	4.460566826613732
6403	4.40735311445288
6421	4.391336757495153
163786	4.3846202619927634
12822	4.383217109017101
5465	4.349175593029022
2047	4.336025146773491
4670	4.329643513923333
231507	4.322471391170067
56649	4.322471391170067
693212	4.312899332751093
14797	4.308842927824892
5732	4.286003788072621
8863	4.282837307807495
3280	4.282672509679272
4763	4.269145733557215
7525	4.259727719620178
17393	4.259268451547667
834	4.259268451547667
4494	4.24893143573371
4050	4.248634021398098
124056	4.240959985327222
4684	4.238644202459831
227327	4.238594419919753
80760	4.238594419919753
1755	4.238594419919753
23476	4.213704300655651
1154	4.2095763619560165
109880	4.1918428835985635
18706	4.1918428835985635
8453	4.1918428835985635
1191	4.1832027695582665
12550	4.183116420825138
3297	4.166168955795494
80279	4.166168955795494
8930	4.1631245711312665
74343	4.148780084399288
26419	4.14072454890564
2641	4.128868036783405
10507	4.118606592144416
4070	4.118606592144416
90	4.1113958872568785
8668	4.111169420736184
17831	4.111169420736184
7189	4.111169420736184
84951	4.109869023662715
4313,4318	4.097479341354293
7472	4.081770268196105
7538	4.0762071512315545
10537	4.029783580534005
4552	4.014724152107462
9353	4.004170487131695
8797	3.998092794581427
3229	3.958813743773513
217	3.958813743773513
176783	3.958813743773513
241	3.958813743773513
6358	3.958813743773513
176770	3.958813743773513
5053	3.958813743773513
12368	3.958813743773513
175499	3.958813743773513
351	3.958813743773513
12010	3.958813743773513
116589	3.958813743773513
147719	3.958813743773513
5627	3.958813743773513
851752	3.958813743773513
4359	3.958813743773513
7415	3.958813743773513
50493	3.958813743773513
21933	3.958813743773513
945	3.958813743773513
3561	3.958813743773513
8811	3.958813743773513
266790	3.958813743773513
146279	3.958813743773513
340706	3.958813743773513
105782	3.958813743773513
51074	3.958813743773513
10309	3.958465413521138
7468	3.958465413521138
942	3.958465413521138
6285	3.958465413521138
3360	3.9382488357675487
8879	3.917267141451975
3061	3.915994829634416
6566	3.8770233648252144
6223	3.8770233648252144
4923	3.843468539576573
6776	3.8329779321712
2475	3.8329779321712
3486	3.8329779321712
5962	3.806925850674017
442890	3.781733150455034
5727	3.775073648119251
3936	3.773946965638454
574504	3.7641050149891413
634	3.7412499829633967
1874	3.735629815039579
8202	3.7232654764103117
1811	3.704121881763741
5089	3.70368822677725
3082	3.689044335387174
407018	3.6485526353374182
15218	3.630978863008254
10923	3.630978863008254
27241	3.630305118771042
9817	3.622585132416307
5295,5879	3.622585132416307
3589	3.622585132416307
7408	3.621743685687089
27101	3.5934170438975865
4522	3.5791415557425665
8740	3.5771063356449364
51029	3.5771063356449364
10575	3.5771063356449364
13117	3.5771063356449364
64651	3.5752658313562824
5422	3.533024162182053
11216	3.533024162182053
25805	3.533024162182053
3800084	3.533024162182053
66102	3.533024162182053
11839	3.533024162182053
4594	3.4837812258995937
23405	3.421635616058287
6302	3.3948199428898285
759	3.3948199428898285
3859	3.3948199428898285
474257	3.3948199428898285
474259	3.3948199428898285
474258	3.3948199428898285
24577	3.3948199428898285
150353	3.3948199428898285
10393	3.3948199428898285
17128	3.3948199428898285
55422	3.3948199428898285
6222	3.3948199428898285
4082	3.3948199428898285
14181	3.390039858788581
5290,5266	3.361749361629924
5562,8408	3.361749361629924
56637	3.361749361629924
468	3.361749361629924
5293	3.361749361629924
3480,3481	3.361749361629924
9294	3.361749361629924
6502,5715	3.361749361629924
57214	3.339491051754356
269	3.3316530673919242
12364	3.3316530673919242
4254	3.3316530673919242
867	3.3316530673919242
19245	3.304197849362401
55872	3.304197849362401
4361	3.2959643278985076
10058	3.2959643278985076
18128	3.2925113542126545
6726	3.2925113542126545
3398	3.2925113542126545
4286	3.2925113542126545
5199	3.2925113542126545
2554	3.2925113542126545
253782	3.2925113542126545
5209	3.2925113542126545
284,283	3.2925113542126545
13494	3.2925113542126545
900	3.2925113542126545
64381	3.2925113542126545
7386	3.2728615970632955
11798	3.2728615970632955
7516	3.2728615970632955
5800	3.2728615970632955
3038	3.2689415784306153
24842	3.2461111745833895
7263	3.2461111745833895
4513,1351	3.2461111745833895
2877	3.2461111745833895
8607	3.2461111745833895
55183	3.2461111745833895
3779,10242,1934,10381,10382	3.2461111745833895
22861	3.2461111745833895
28955	3.2461111745833895
9669	3.2461111745833895
397276	3.2461111745833895
5795	3.2461111745833895
10551	3.2461111745833895
7137	3.2461111745833895
3880	3.229815586064159
5896	3.2176182499203283
3250	3.2176182499203283
56848	3.2176182499203283
8518	3.2176182499203283
9891	3.2176182499203283
394263	3.2176182499203283
14594	3.2176182499203283
11093	3.2176182499203283
26586	3.2176182499203283
57863	3.2176182499203283
718	3.2176182499203283
3324	3.2176182499203283
3337	3.2176182499203283
1183	3.2176182499203283
22337	3.2176182499203283
51284	3.2176182499203283
12028	3.2176182499203283
14652	3.2176182499203283
199731	3.2176182499203283
18669	3.2176182499203283
25385	3.2176182499203283
16449	3.2176182499203283
134860	3.2176182499203283
1238	3.2176182499203283
20201	3.2176182499203283
5610	3.2176182499203283
114774	3.2176182499203283
2118	3.2176182499203283
229658	3.2176182499203283
5697	3.2176182499203283
7405	3.2176182499203283
151242	3.2176182499203283
406971	3.2176182499203283
7448	3.2176182499203283
51316	3.2176182499203283
51330	3.2176182499203283
109779	3.2176182499203283
27221	3.2176182499203283
3992	3.2176182499203283
652070	3.2176182499203283
4888	3.2176182499203283
4478	3.2176182499203283
7520	3.2176182499203283
20371	3.2176182499203283
9709	3.2176182499203283
10563	3.2176182499203283
9340	3.2176182499203283
15370	3.2176182499203283
112406	3.2176182499203283
332579	3.1425979685178134
2589	3.115494425647161
112483	3.115494425647161
13867	3.1144883684447837
26281	3.069237096633054
27086	3.03868597288744
604	3.03868597288744
6521	3.03868597288744
925	3.03868597288744
3624	3.03868597288744
27165	3.019383919962605
19219	3.0044695880301093
9839	2.990535590427311
5897	2.880345527848955
84083	2.880345527848955
17685	2.880345527848955
5270	2.880345527848955
668478	2.880345527848955
8352	2.880345527848955
909	2.880345527848955
931	2.880345527848955
9332	2.880345527848955
22027	2.880345527848955
1051	2.846004171337512
67405	2.846004171337512
20585	2.8310907825089924
6035	2.8310907825089924
79888	2.8310907825089924
13642	2.8310907825089924
15930	2.8257866138613457
29614	2.8257866138613457
14663	2.8257866138613457
57534	2.8257866138613457
824	2.8257866138613457
30051	2.8257866138613457
3912	2.8257866138613457
26365	2.8257866138613457
20308	2.8257866138613457
315843	2.8257866138613457
190	2.8257866138613457
6405	2.8184833830736737
16190	2.8184833830736737
55612	2.7929292338449385
80351	2.7929292338449385
17210	2.773351603628876
3730	2.773351603628876
56292	2.773351603628876
5754	2.7579669643403095
10397	2.723004694835681
22339	2.7230046948356805
362282	2.7147048038137145
6775098	2.7147048038137145
2313	2.7147048038137145
283358	2.7147048038137145
9	2.7147048038137145
55106	2.7147048038137145
10631	2.7147048038137145
1493	2.7147048038137145
26198	2.7147048038137145
3678	2.7147048038137145
21752	2.7147048038137145
3202	2.7147048038137145
3216	2.7147048038137145
27030	2.7147048038137145
6751	2.7147048038137145
6755	2.7147048038137145
6781	2.7147048038137145
319801	2.7147048038137145
89780	2.7147048038137145
4194	2.7147048038137145
8553	2.7147048038137145
8572	2.7147048038137145
51588	2.7147048038137145
26504	2.7147048038137145
83998	2.7147048038137145
1508	2.7147048038137145
9021	2.7147048038137145
15446	2.7147048038137145
5930	2.7147048038137145
2921,2919	2.7147048038137145
706	2.7147048038137145
3339	2.7147048038137145
10381	2.7147048038137145
10382	2.7147048038137145
2045	2.7147048038137145
23671	2.7147048038137145
126006	2.7147048038137145
8613	2.7147048038137145
55679	2.7147048038137145
8661	2.7147048038137145
14221	2.7147048038137145
6493	2.7147048038137145
140690	2.7147048038137145
1645	2.7147048038137145
1668	2.7147048038137145
84515	2.7147048038137145
1676	2.7147048038137145
3856	2.7147048038137145
1687	2.7147048038137145
407014	2.7147048038137145
5618	2.7147048038137145
1489598	2.7147048038137145
858	2.7147048038137145
80329	2.7147048038137145
5644	2.7147048038137145
23326	2.7147048038137145
3491	2.7147048038137145
886	2.7147048038137145
2157	2.7147048038137145
417	2.7147048038137145
129807	2.7147048038137145
6564	2.7147048038137145
8744	2.7147048038137145
7412	2.7147048038137145
19247	2.7147048038137145
22418	2.7147048038137145
14802	2.7147048038137145
406986	2.7147048038137145
5269	2.7147048038137145
54809	2.7147048038137145
7036	2.7147048038137145
57460	2.7147048038137145
9245	2.7147048038137145
7077	2.7147048038137145
9255	2.7147048038137145
574045,1668	2.7147048038137145
653361	2.7147048038137145
84668	2.7147048038137145
4831	2.7147048038137145
30837	2.7147048038137145
3987	2.7147048038137145
1329	2.7147048038137145
168002	2.7147048038137145
3549	2.7147048038137145
2241	2.7147048038137145
18442	2.7147048038137145
4000	2.7147048038137145
6670	2.7147048038137145
6671	2.7147048038137145
23886	2.7147048038137145
8846	2.7147048038137145
563	2.7147048038137145
54567	2.7147048038137145
4035	2.7147048038137145
56753	2.7147048038137145
1800	2.7147048038137145
6277	2.7147048038137145
10052	2.7147048038137145
7133	2.7147048038137145
6288	2.7147048038137145
6291	2.7147048038137145
67398	2.7147048038137145
9351	2.7147048038137145
27346	2.7147048038137145
574460	2.7147048038137145
4902	2.7147048038137145
13198	2.7147048038137145
16202	2.7147048038137145
57152	2.7147048038137145
23158	2.658539710552845
1788	2.658539710552845
2737	2.658539710552845
101095698	2.6562995646042946
7414	2.6562995646042946
13498	2.6562995646042946
4171	2.5965350967168983
1593	2.5965350967168983
406928	2.5965350967168983
1855	2.5965350967168983
5590	2.565865217143405
7066	2.565865217143405
1822	2.565865217143405
8626	2.553330227872415
9032	2.5313729956284767
117064	2.5313729956284767
23731	2.5313729956284767
2691	2.5313729956284767
1488	2.501317758172208
21898	2.494019523224128
6414	2.494019523224128
24493	2.494019523224128
5154	2.494019523224128
14268	2.494019523224128
6588	2.494019523224128
2215	2.494019523224128
259197	2.494019523224128
961	2.494019523224128
1544	2.485023633016499
15289	2.485023633016499
196	2.485023633016499
155	2.4844452388669787
22341	2.4506415094653704
1605	2.4506415094653704
3814	2.4506415094653704
406937,406935	2.4506415094653704
2981	2.4506415094653704
13380	2.4506415094653704
23239	2.4506415094653704
4001	2.4506415094653704
3566	2.4431582164266055
12767	2.4431582164266055
20201,20202	2.430213744968871
7850	2.430213744968871
3913	2.430213744968871
5013	2.3954714324627973
19218	2.3954714324627973
3621	2.3954714324627973
2395	2.377482348715985
109585	2.377482348715985
18216	2.377482348715985
5552	2.377482348715985
223870	2.377482348715985
51645	2.377482348715985
3816	2.377482348715985
23196	2.377482348715985
2122	2.377482348715985
6167	2.377482348715985
215114	2.377482348715985
5655,3816,5653	2.377482348715985
991	2.377482348715985
10581	2.377482348715985
5358	2.377482348715985
4060	2.377482348715985
407975	2.377482348715985
7186	2.377482348715985
2056	2.366348341721895
8664	2.366348341721895
8714	2.366348341721895
24599	2.366348341721895
20459	2.352071562450495
3636	2.352071562450495
114548	2.352071562450495
6794	2.352071562450495
112744	2.352071562450495
9112	2.352071562450495
7422,3791	2.352071562450495
246196	2.352071562450495
3579,3577	2.352071562450495
13983	2.352071562450495
406985	2.352071562450495
406958	2.352071562450495
57019	2.352071562450495
143662	2.352071562450495
71950	2.352071562450495
1387	2.352071562450495
51497	2.352071562450495
268903	2.352071562450495
12768	2.352071562450495
19712	2.352071562450495
1066	2.344695845375509
149233	2.344695845375509
6300	2.344695845375509
3274	2.344695845375509
3269	2.344695845375509
51561	2.344695845375509
1524	2.344695845375509
14114	2.344695845375509
5154,5155	2.344695845375509
25	2.344695845375509
9545	2.344695845375509
6916	2.344695845375509
4773	2.344695845375509
2172	2.344695845375509
7442	2.344695845375509
30815	2.344695845375509
8324	2.344695845375509
10399	2.344695845375509
56164	2.344695845375509
912	2.344695845375509
64386	2.344695845375509
10055	2.344695845375509
7158	2.344695845375509
4904	2.344695845375509
50514	2.344695845375509
59340	2.344695845375509
5468,5465	2.336496458068864
1678	2.336496458068864
2159	2.336496458068864
112885	2.336496458068864
4638	2.3215700313531107
8204	2.3215700313531107
23135	2.3215700313531107
5729	2.3215700313531107
13617	2.3215700313531107
57111	2.3215700313531107
60343	2.3215700313531107
3643	2.321216037207571
5473	2.321216037207571
6347	2.321216037207571
11009	2.321216037207571
90427	2.321216037207571
342358	2.321216037207571
339221	2.321216037207571
3001	2.321216037207571
24609	2.321216037207571
25402	2.321216037207571
7052	2.321216037207571
3175	2.321216037207571
183	2.321216037207571
5424	2.2969617801746534
6404	2.285186717538842
115286	2.285186717538842
6468	2.285186717538842
65108	2.285186717538842
406953	2.285186717538842
23365	2.285186717538842
693123	2.2770239233947804
10103	2.2770239233947804
637	2.266042249718418
22160	2.266042249718418
17386	2.266042249718418
17350	2.266042249718418
2033	2.266042249718418
390	2.266042249718418
5629	2.266042249718418
842,836	2.266042249718418
51099	2.266042249718418
5320	2.263907470162531
18171	2.2584291132235377
20822	2.2584291132235377
799	2.2584291132235377
8654	2.2584291132235377
2923	2.2584291132235377
2938	2.2584291132235377
171382	2.2584291132235377
682	2.245171918837061
855836	2.245171918837061
1106	2.245171918837061
65057	2.245171918837061
4683	2.245171918837061
5524	2.245171918837061
7707	2.245171918837061
2067	2.245171918837061
317	2.245171918837061
55651	2.245171918837061
9994	2.245171918837061
25798	2.245171918837061
1200	2.245171918837061
314322	2.245171918837061
6193	2.245171918837061
1736	2.245171918837061
10043	2.245171918837061
26585	2.23361830543921
4693	2.23361830543921
10521	2.1928337631942485
56463	2.187859194086721
4585	2.187859194086721
2026	2.187859194086721
4246	2.187859194086721
16510	2.187859194086721
994	2.187859194086721
8864	2.187859194086721
10071	2.187859194086721
4627	2.1813849080111565
203068	2.1813849080111565
7534	2.1813849080111565
1490	2.1578755074294746
4117	2.1578755074294746
54206	2.1578755074294746
4616	2.1578755074294746
5168	2.1578755074294746
27102	2.1578755074294746
3489	2.1578755074294746
28984	2.1578755074294746
1445	2.1578755074294746
4501	2.1296342257738337
232685	2.1296342257738337
8550	2.1296342257738337
79148	2.1296342257738337
4301	2.1296342257738337
4327	2.1296342257738337
3976	2.1296342257738337
10524	2.1296342257738337
4495	2.1296342257738337
9759	2.1296342257738337
27330	2.1296342257738337
225689	2.1210855463570226
2984	2.1210855463570226
9821	2.1192972099598766
6482	2.1192972099598766
9147	2.1192972099598766
23328	2.1192972099598766
19271	2.1192972099598766
9793	2.1192972099598766
84725	2.1192972099598766
2324	2.108211693223753
8633	2.108211693223753
7098,54106	2.108211693223753
18783	2.1061500399563107
4233,3845	2.1061500399563107
4929	2.1061500399563107
7079	2.0912718981213976
5817	2.083084477897747
1473	2.083084477897747
5743,4513	2.083084477897747
59067	2.083084477897747
26503	2.083084477897747
14528	2.083084477897747
5972	2.083084477897747
5515	2.083084477897747
56938	2.083084477897747
22346	2.083084477897747
5163	2.083084477897747
5165	2.083084477897747
4314	2.083084477897747
53947	2.083084477897747
24144	2.083084477897747
2688	2.083084477897747
83939	2.083084477897747
4477	2.083084477897747
20848,18033	2.083084477897747
51530	2.04382736117139
7349	2.04382736117139
1392	2.04382736117139
1870	2.04382736117139
5805	2.04382736117139
214	2.0422535211267605
2821	2.0342838665115837
406881	2.0342838665115837
23598	2.0342838665115837
6583	2.0342838665115837
17075	2.0342838665115837
406939	2.0342838665115837
53630	2.0342838665115837
76816	2.025066343126102
2081	2.025066343126102
613123	1.9913293013979825
56477	1.9913293013979825
638	1.9913293013979825
4225	1.9913293013979825
9168	1.9913293013979825
871	1.9913293013979825
5210	1.9913293013979825
394430	1.9913293013979825
5272	1.9913293013979825
406950	1.9913293013979825
406948	1.9913293013979825
15251	1.9913293013979825
406931	1.9913293013979825
432392	1.9913293013979825
18024	1.9913293013979825
728378	1.9913293013979825
2244	1.9913293013979825
3185	1.9913293013979825
7077,7076	1.9913293013979825
197	1.9913293013979825
7465	1.987272896471781
9235	1.987272896471781
24693	1.987272896471781
574450	1.987272896471781
406968	1.9385116824126072
948	1.9385116824126072
6717	1.926979573490973
3964	1.926979573490973
1009	1.9170741711067203
3106	1.9170741711067203
3661	1.9164889660856
3662	1.9164889660856
6775	1.9164889660856
55503	1.9164889660856
6777	1.9164889660856
10692	1.9164889660856
699	1.9164889660856
701	1.9164889660856
15182	1.9164889660856
3394	1.9164889660856
5133	1.9164889660856
4294	1.9164889660856
8660	1.9164889660856
5641	1.9164889660856
3460	1.9164889660856
3459	1.9164889660856
7483	1.9164889660856
7045	1.9164889660856
406901	1.9164889660856
3562	1.9164889660856
3570	1.9164889660856
2264	1.9164889660856
8835	1.9164889660856
740070	1.9164889660856
1820	1.9164889660856
1844	1.9164889660856
1081	1.9056561527635045
4154	1.9056561527635045
360647	1.9056561527635045
9547	1.9056561527635045
10894	1.9056561527635045
59086	1.8616327382051558
1523	1.8616327382051558
4248	1.8616327382051558
22171	1.851844113388625
24314	1.851844113388625
3320	1.851844113388625
11699	1.851844113388625
8663	1.851844113388625
7369	1.851844113388625
820	1.851844113388625
3487	1.851844113388625
6120	1.851844113388625
11261	1.851844113388625
29116	1.851844113388625
18815	1.851844113388625
293589	1.851844113388625
56484	1.8503366317993801
21413	1.8503366317993801
9965	1.8503366317993801
5879	1.7967085219487933
8562	1.7967085219487933
5918	1.7967085219487933
21857	1.7967085219487933
388	1.7967085219487933
65986	1.7967085219487933
3691	1.7886529864551444
171577	1.7886529864551444
12857	1.7886529864551444
3756	1.7886529864551444
24929	1.7886529864551444
68911	1.7886529864551444
11171	1.7886529864551444
65132	1.7886529864551444
170897	1.7886529864551444
7439	1.7886529864551444
80288	1.7886529864551444
79872	1.7886529864551444
26413	1.7886529864551444
8061	1.7886529864551444
23563	1.7876329156781412
2041	1.7876329156781412
2046	1.7876329156781412
407042	1.7876329156781412
80704	1.7876329156781412
221400	1.7876329156781412
3158	1.7876329156781412
192134	1.7876329156781412
58480	1.7876329156781412
3329	1.6626525896569668
6470	1.6626525896569668
6948	1.6626525896569668
6996	1.6626525896569668
1719	1.6626525896569668
111334	1.6520989246812006
12540	1.6520989246812006
21803	1.6520989246812006
4733	1.6520989246812006
20683	1.6520989246812006
402	1.6520989246812006
1829	1.6520989246812006
10094	1.636243624362436
20465	1.6344707892153076
1022	1.6344707892153076
11651	1.6344707892153076
19084	1.6344707892153076
4318,4313	1.6344707892153076
16168	1.6344707892153076
6548	1.6344707892153076
12633	1.6344707892153076
1843	1.6344707892153076
23213	1.6290332430094707
30008	1.6290332430094707
378938	1.6290332430094707
9076,1364	1.5935529903920398
23210	1.5712989842589067
767	1.5712989842589067
8205	1.5712989842589067
56924	1.5712989842589067
4739	1.5712989842589067
23765	1.5712989842589067
8312	1.5712989842589067
3959	1.5712989842589067
5371	1.5712989842589067
54097	1.5712989842589067
64406	1.5096919599813026
319520	1.5096919599813026
207742	1.5096919599813026
16842	1.5096919599813026
23872	1.5096919599813026
6880	1.494871558142302
55901	1.423002085668756
9510	1.423002085668756
2908	1.423002085668756
2529	1.423002085668756
3897	1.423002085668756
5292	1.423002085668756
1381	1.423002085668756
2273	1.423002085668756
10642	1.3964646169224693
11921	1.3964646169224693
5460	1.3964646169224693
10678	1.3964646169224693
219	1.3964646169224693
23030	1.3964646169224693
6434	1.3964646169224693
16418	1.3964646169224693
3484	1.3964646169224693
107895	1.3964646169224693
191	1.3964646169224693
6720	1.3637676342474114
100422913	1.3637676342474114
3725	1.3637676342474114
9126	1.3637676342474114
20698	1.3637676342474114
10807	1.3637676342474114
13609	1.3637676342474114
115908	1.3637676342474114
5888	1.3615023474178405
9180	1.3615023474178405
16000	1.3615023474178403
53978	1.3615023474178403
5443	1.3559160305343512
814	1.3559160305343512
51162	1.285609273395533
100616142	1.285609273395533
406899	1.285609273395533
7035	1.2118944711526154
2263	1.1974141973380636
667	1.175926848218021
4320	1.175926848218021
19374	1.175926848218021
253260	1.1670020120724347
3956,3958,51083	1.1670020120724347
20296	1.1670020120724347
2678	1.1670020120724347
10265	1.1048531412497389
18519	1.1048531412497389
10755	1.1048531412497389
83734	1.1048531412497389
362	1.1048531412497389
29789	1.1048531412497389
81572	1.1048531412497389
5782	1.1048531412497389
60500	1.0879806219445096
9519	1.044815007816571
9016	1.012533171563051
4691	1.012533171563051
89870	1.012533171563051
9961	1.012533171563051
3030	1.012533171563051
26051	1.012533171563051
10083	1.012533171563051
