3845	12466.003853441012
7157	3692.9850576818117
105782	2743.3923688500126
673	2579.0133427299575
1956	2544.021557301306
4292	2479.5325074438315
1048	1807.3431855405363
4436	1702.7031698151545
1499	1403.5251719534979
1029	1226.377166913564
2064	940.5584441412622
7422	877.0421582564203
595	831.7721814093117
5743	757.2582880625781
999	723.7552848546741
4089	698.2220010732452
4255	564.6313079413596
3569	520.4307335301228
5728	462.78262738869086
4318	442.37791369137057
5627	431.9723743218124
1026	431.69698116225476
5290	425.1224875652973
1630	422.03041479505373
596	412.6399350460113
4595	408.93577931671706
7076	406.0573456631741
7298	398.30394911096226
6790	347.0556374241844
2956	343.55466928909834
4313	340.53687835343055
6774	338.79839299308736
4513	338.7395678895302
5058	335.484168496835
4609	323.16650599717354
8842	312.0420137363654
29126	302.47694371092626
406991	299.3045183376801
3091	290.40764728597514
4524	288.2768848574462
3479	285.688554868393
54474	283.63974023355456
1045	282.5929286510429
4893	282.30794065445514
58492	280.0813798801059
2099	277.3730904639641
56648	275.7346407306713
2263	274.96592013944456
3630	271.524866366642
1999	258.3023549239946
8743	246.02895106670275
7431	240.48957420216405
4316	236.85343939210827
7424	233.16286247051943
4246	228.99468776004636
4583	226.6973523145508
9370	225.87191592972098
3855	225.4392165455298
10801	215.42578731797246
7852	213.34261509778926
1116	213.08496883381906
4233	212.91226912474409
3480	212.23713346778035
55	210.9526468628225
5928	207.65890163960225
7048	205.71125492861785
4838	202.23447366791987
84951	199.097802384744
960	194.5416331893841
16653	188.43651695925706
4582	186.20613765415789
7040	184.8318823373146
1401	183.56603396575676
89795	183.0606405335289
207	178.82662661807316
8549	178.67495578534394
7074	177.97938926475138
7421	176.61297595216723
356	176.03515247334084
5395	175.22027159580517
3558	175.19451908870838
5243	174.07574803385396
6423	172.00760473742733
581	170.53543423158303
864	168.92432020018308
2520	166.8542177846572
2146	165.4852790693657
1806	165.20605600090363
4586	154.39257044774251
56717,21977	151.7475148244807
5468	149.36747444011996
2272	147.35217998187807
2944	145.31085767239742
6925	142.850459923772
7077	136.58484018767024
3576	135.81535392937064
7124	133.23255310159652
100508689	132.7837830716087
7517	132.31439868834838
7099	130.11335898093228
10	129.12358023076612
406937	127.05584552394703
2100	124.89773136945676
5970	123.96740680919514
672	123.46504537543325
3952	122.08040322809664
2952	122.07166431348708
3371	120.88062227132073
5037	120.43913450329916
4830	119.68339010223598
3486	119.52275805354635
598	119.42822215613609
3934	115.55437250528097
4193	114.96451660273605
5617	113.86297875893332
285	112.97377385701488
100133941	112.85615888927308
246	111.63159968029112
6382	110.55871378331464
3481	110.50246792346853
5054	110.11448242623555
5467	109.3914267918459
4072	108.54215212564553
4087	108.12582750733922
406973	102.48457041154873
4790	102.12527368459585
6714	102.00909897424327
5329	101.43956319669769
1012	101.40744801632226
397	101.29128778765099
11156	100.44350243625516
5716	99.25073647566087
4843	98.95900595309999
11065	97.69687569678034
6422	97.34386247375957
6623	97.27877819324524
64127	96.99753970902408
3586	96.01185735074263
283	95.68261283275554
799	95.2871287128713
6690	95.03386775444824
11186	93.83218074436479
2706	92.91649992399718
780897	92.74537195348697
7694	92.51071694669864
22059	92.36943481147702
2950	92.23158457377752
6275	91.3454220183939
407035	89.8653339932834
841	89.67819057394843
406938	89.13374958628471
3162	89.05072189693797
3458	88.69133299268543
5783	88.60573866983295
2065	88.58600472392541
5519	88.49278378372566
84700	86.87784507361604
4092	86.74676077367155
4915	86.7220191526979
55294	86.70123830698253
925	86.59489826077808
54658	86.29535399517368
7980	85.2635158022619
4968	84.64820655662822
3958	84.33003847271515
6876	84.03964895243416
7001	83.29754551943807
11200	83.11573974134473
4320	82.1074060129276
5111	81.85493263244592
1571	81.71824406416141
574501	81.01462666682511
406947	80.2950297704736
324	80.19335534325074
21977	79.39935041564432
142	79.28561913343943
406941	78.95655025070965
6595	78.12284354183817
4851	77.90950596843778
3880	77.71839738823788
7046	77.68303003509675
202	77.10888384575433
406958	77.10545206113528
10903	76.94527545459721
578	76.88980046778099
29108	76.54556556707387
1028	76.11304527496935
8651	75.8736914962942
1612	75.75176827397378
1544	75.60158774771666
1890	75.59330256795148
10178	75.56468606320249
9076	75.54049328909542
9848	75.20090127869115
3605	75.18462451059882
3779	75.04265666224097
6750	74.91909827457955
23583	74.53249660055828
2067	74.14711563360305
1230	74.0860744766538
5268	73.8489934312379
1010	73.77930006161898
216	73.71062064746089
1024	73.59941686416272
4437	73.49367068908359
331	73.32299895496864
2057	73.16636868157707
6469	73.0712468872745
836	72.96025266562752
2056	72.58810399478614
406913	72.56084114602695
6405	72.16871340289795
2324	71.83938843763694
5879	71.38905797789872
8324	70.77737492059065
6615	70.52074760380245
2626,140628	70.4602166793686
7078	70.25796942776728
51094	69.77312705622005
83998	69.75918549468253
472	69.71183683931106
2048	69.6693842734146
6387	69.38790314942608
7515	68.65488216898379
7161	68.4135974100288
8824	68.290571875495
1543	67.95119549809031
1027	67.80964771035
5595,5594	67.3217156778463
6304	67.26049631052138
6513	66.82296189613142
675	66.62505440475456
116562	66.61245413423718
7162	66.60645961412682
1235	66.39599691629968
1728	66.03944653700367
92140	65.98770804378496
4312	65.96221951439998
5315	65.93920019811938
1316	65.39268643812841
147	65.08396946564885
1559	64.86187233207541
3664	64.41091195096094
13176	64.31316951420827
406921	63.16317381711646
6935	63.033955560368994
5335	62.744652216114126
7015	62.64187848005933
407975	62.24165542302629
56616	61.672469294788
1950	61.66890210251702
1906	61.50654997453218
10879	61.48080365862141
60682	61.374941475147864
706	61.21539769943528
6241	61.05604698553827
4287	60.87788778877888
4858	60.87788778877888
2321	60.870412900904704
3814	60.769856458437395
4088	60.52145613776751
3732	60.44256205761441
1493	59.68314859323657
7291	59.360664048063384
406931	58.722781197473246
1490	58.602440518615694
664	58.599951068391945
3429	58.53455699431879
10630	58.481198501509986
6648	58.33599521868889
149233	58.29683168864218
5829	58.191390535947036
554210	58.16978560018189
9021	58.04991615737704
214	58.04959763812713
648	58.0088785501973
9518	57.73322988126357
20848	57.63748663145735
348	57.45036700634172
119391	57.14544566231266
3172	57.08806704588327
4610	56.619051474051645
317	56.417972137362085
4953	56.368913705863484
4015	56.1846291103553
6934	56.04879478156833
55743	55.85519199734051
7430	55.60223034056224
3791	55.50621609442238
651	55.182495479287624
8929	54.489146097708364
9446	54.489146097708364
7076,7077	54.489146097708364
2572	54.489146097708364
2257	54.489146097708364
23405	54.175812378116845
599	54.160972181217694
5901	53.956777073222625
3309	53.91064138040379
11799	53.89260726938966
857	53.801721042177796
9547	53.513073230294786
7372	53.33314952463191
9075	52.59808579773118
4159	52.548805766867815
9255	52.27475812633496
4004	52.25950805388262
4311	52.242280480069894
382056	51.98245957033847
1602	51.851497886224486
6277	51.743335387090056
57447	51.73107895321074
2185	51.72106667483652
1508	51.2807138343688
23552	51.18774183560807
22846	51.173486614781
4507	50.97685406288725
2191	50.9407498870797
23253	50.93305258789639
23030	50.463236044718506
637	50.358269160249364
958	50.26712652066692
9353	50.25301252638079
6597	50.25242869246298
7474	50.22545619469529
3146	50.15738209650038
51561	50.10456692079214
8313	50.036029892417396
114793	49.80706544363994
7345	49.79997000297793
10413	49.390505332586386
8633	49.2518338696036
378938	49.14285917156314
11197	49.081509647657604
9447	48.94800356937401
252969	48.90648852490568
5300	48.87216192377516
7153	48.868332144435456
6401	48.84711630896894
5524	48.6839790599619
3066	48.63824329297958
2810	48.60210692323385
2045	48.439620945329786
407006	48.329585278493354
7516	48.26818620373496
8289	47.82625726945685
6624	47.763470346989344
21413	47.64356435643565
51754	47.20069150249637
6578	47.139688819211464
2098	47.04950827074659
4922	47.04950827074659
56729	46.90685632095858
11080	46.75704465165953
6929	46.53517966623932
9429	46.43878584552589
1364	46.310344733178255
4552	46.130423445208336
6354	46.05020749767684
5320	45.430251838206004
24525	45.41565568167594
9314	45.130907925230865
5515	45.05386124691764
7545	45.012798958071656
79923	44.93323330144205
406985	44.601029653245284
3956	44.59855530419688
406899	44.568585933134614
56649	44.09660758649416
1351	43.87184014329605
7306	43.80894756142281
23314	43.79334516132987
1910	43.5374009740357
6767	43.5372606190796
3815	43.49712320856115
84451	43.47904906900583
6392	43.43892253680802
5506	43.43892253680802
2137	43.43892253680802
9232	43.38636131832675
51341	43.3806226119453
23326	43.181204355995746
375790	43.087478848881304
78996	42.991605280022554
9365	42.883164732297814
6779	42.34983498349835
7096	42.34983498349835
4826	42.34983498349835
2768	42.34983498349835
4321	42.24592265679362
6366	42.155272154621215
8434	42.14051880366286
2627	42.0576463017567
842	41.93172135825989
406928	41.80371326623731
4322	41.34213273487078
57575	41.17172422664338
10641	41.04527216049594
374	41.00275522883008
1312	40.764610761371976
4869	40.69755367250236
10507	40.52531359580722
7057	40.48356006502364
6657	40.46622625373403
407040	40.22345429780806
50943	39.97078458388773
6751	39.77081041437477
118471	39.77081041437477
1509	39.52240054025894
3960	39.51372125373097
407009	39.51352042107815
4683	39.45541811178574
6374	39.43589964736201
5175	39.323082866558735
2150	39.28720618540727
4751	38.9753424912202
2697	38.96888596464768
51364	38.898739323668565
406935	38.8459640962978
76187	38.63955201177382
23411	38.553520617436405
4916	38.28836814267357
8991	38.24611948465203
5347	37.795427267195265
3490	37.71853741494037
768	37.09926279139835
3912	37.06849963660717
6752	37.056105610561055
6755	37.056105610561055
5731,5732,5733,5734	37.056105610561055
2324,3791	37.056105610561055
283120	37.00922134370284
5873	36.814835441850605
3248	36.584728271215226
7031	36.58463773994691
5378	36.411092817473666
5328	36.17195517198521
5670	36.155245086399354
3559	36.12040555733765
116135	36.02278429020214
5591	35.93860671438925
1495	35.90097403250467
2305	35.85141858418822
875	35.61122182945748
3090	35.61122182945748
407014	35.57773922185047
12560	35.52760069926198
4082	35.41523520613282
644943	35.32881585801306
25805	35.301360235413014
2547	35.27242085912432
3329	35.26422275831966
6347	35.04937764157854
8407	35.042404679750064
1786	34.770180679209496
1611	34.717945976713445
5423	34.67819525502643
10892	34.6612819427843
17246	34.647024866592304
1434	34.54813173390121
332	34.4469328632652
5460	34.41752151988547
900	34.3213514031885
3383	34.31678942194608
8864	34.10049714881901
5655	34.0761508418253
57045	33.96498681849318
10576	33.74571740698334
3161	33.67614772735694
3651	33.376587735336294
1894	33.33444343240702
80381	33.31595810107318
6480	33.18144489607131
64374	33.16293015776528
7014	32.84178586259873
2934	32.812990614807035
2650	32.67101485822278
9227	32.6663896013551
693215	32.59734288944524
23705	32.546454298962985
10664	32.541984732824424
1002	32.541984732824424
9817	32.541984732824424
83550	32.541984732824424
4211	32.541984732824424
723778	32.541984732824424
3977	32.541984732824424
11082	32.428110142854266
27030	32.23633946027788
5465	31.977070742592637
2194	31.95684584044126
10763	31.852787883958417
23600	31.782951515072305
4323	31.66739151974491
5604,5605	31.63642546205336
80198	31.500755227406337
338377	31.463160156026383
4629	31.373707977103535
10103	31.3195708505689
7026	31.289872869822144
3315	31.16332676235011
17131	31.11515672801556
57016	31.069862621426367
55937	31.03606571517538
26579	30.960941079720662
689	30.91775823892822
84525	30.911664794178794
3280	30.87364615731471
27087	30.74814573820297
6697	30.63380281690141
3757	30.55048699157999
3611	30.54714874302382
11789	30.532124658708558
6794	30.46058188778127
2139	30.372519083969465
8678	30.238632074896405
1874	30.078525336339574
346389	29.972609811016195
5340	29.836273212017765
1500	29.835447024864575
8503	29.811539924739396
2277	29.800949192488943
10631	29.71759199884033
406952	29.648103588456703
9770	29.60272653927369
5422	29.581329418818093
3417	29.494876514353635
2683	29.488662708510038
693223	29.479185258305336
4314	29.429641263164477
9	29.261173539908413
55585	29.21307635873282
2012	29.178009174104314
1545	29.174003760133118
111518	29.128119666509
328	29.11301279997009
1044	28.913341743850346
84432	28.746968231271882
5653	28.669946493422803
5734	28.663626288484927
723830	28.61872939615592
301	28.612060220644146
467	28.596019508164087
55738	28.59154929577465
4303	28.320119918462023
51129	28.27095613985666
9575	28.269291702386436
390	28.250747618529406
51176	28.23858077453599
84101	28.203053435114505
315707	28.203053435114505
3938	28.203053435114505
5795	28.203053435114505
7170	28.203053435114505
51196	28.194796416744886
3827	28.177059223407596
2335	28.116252376048983
2690	28.019765644176893
8519	27.973353521881215
406971	27.888495259460747
3667	27.84157890569092
6596	27.76119059081305
7082	27.70622498635408
4904	27.70197803428346
26585	27.675342054053864
10131	27.629715085858273
7913	27.610347837990314
2264	27.587566632500227
407008	27.568027305766307
2922	27.565858362776538
12156	27.439780668745293
3921	27.215331290336024
2833	27.203412241967637
65009	27.124790559194597
8877	27.049626072299738
51147	27.040957261067994
10397	26.64918899317057
6761	26.610607797086498
6098	26.568881926863817
7405	26.54090446740663
573	26.532919754651967
7150	26.500160148650103
11450	26.449982832988365
633	26.261007265252925
10018	26.21309779851162
6667	26.199817786465385
3620	26.173800583526535
6364	26.140274281925276
355	26.03358778625954
471035	26.03358778625954
6588	26.03358778625954
2919	25.897636627407316
11216	25.795070458962364
23462	25.784511485315974
2688	25.748493202004603
682	25.717796791837536
7039	25.672264901579812
8797	25.62119805972516
100507436	25.48857788963477
442891	25.47450840616275
10642	25.46420439895866
7292	25.397527147618536
57556	25.397527147618536
5754	25.397527147618536
3397	25.328231379408244
5925	25.32418726460456
6786	25.30961987127865
9156	25.268919544616004
13649	25.24705053229764
57414	25.19493880390727
8277	25.174407997503174
6502	24.986447446284533
5741	24.859634150761508
6776	24.81153935356738
7010	24.805817398664463
5159	24.796450532564926
57144	24.722674959150744
22943	24.608371036956008
1036	24.590734345177232
1789	24.58910522918058
11921	24.507042253521124
5580	24.507042253521124
7367	24.383861652297295
50616	24.26490594363392
6717	24.25565565656111
23671	24.197712425258224
4282	24.149297359499176
6093	24.11362340369501
3553	24.029691466571315
17979	24.020359499689157
6256	24.007991654233848
649	23.906989891748296
54894	23.79504733030202
920	23.778045327443813
4317	23.777310889816707
9973	23.752882462641075
10445	23.73674728608686
3159	23.713578047783756
54205	23.581122591743558
10135	23.578520786768422
22906	23.52885795439434
5688	23.48162167817893
8312	23.472444401683077
27122	23.400238399318773
4836	23.35432967464792
18479	23.265955472808525
339488	23.16988121836162
9180	23.155958106391264
891	23.153157796440343
5265	23.1409897840384
10590	23.13724001508132
407021	23.124998705041442
9344	23.106184880990224
5874	23.06980668150226
3606	23.03447989852737
4756	22.98439856327746
22339	22.848802168784246
4792	22.82730566578958
6591	22.703876467693156
6446	22.698639523452503
7911	22.601631836378026
2017	22.413841843305512
4170	22.407833299083
22806	22.329170397759526
5295	22.32732542127544
3927	22.212710451725755
7432	22.17715879981806
4602	22.16527978001403
4739	22.11949713681102
4846	22.031412599480245
125	21.99998161684304
8828	21.976872574472655
54577	21.965348145741125
78412	21.930083562367326
1846	21.8919663786907
12591	21.82550008614868
8314	21.808928406349917
23250	21.713499183603037
5971	21.69465648854962
15251	21.69465648854962
3077	21.63219858452656
3624	21.611696607995814
407053	21.5828297387029
2152	21.56786264887234
19225	21.5654789753159
9423	21.560524860558424
6662	21.37369489397922
23028	21.27065205827783
3932	21.213612442481526
5531	21.135817450725543
10987	21.107711595802183
255877	21.087505872216806
58508	21.074468663907357
8099	21.070086820888662
10111	20.981044339812932
406892	20.94016242732467
80781	20.82230289438865
6817	20.76155309920493
1948	20.754156714149303
1510	20.754156714149303
4266	20.754156714149303
64240	20.754156714149303
7070	20.754156714149303
4314,4312	20.754156714149303
1832	20.754156714149303
22095	20.754156714149303
58155	20.747839002701998
2641	20.722428216436505
10309	20.69157269119358
2932	20.690098179734118
54556	20.685533595505056
406988	20.664860618790634
5089	20.655543371524853
5420	20.63257035708483
2990	20.564357172620223
2261	20.546178238781188
5396	20.438712729577027
3320	20.438298190087878
22882	20.422535211267608
246691	20.40025956522686
3491	20.391535354618735
9531	20.35202344488274
64946	20.344677507304542
4853	20.32762525605842
27161	20.32674004295682
4854	20.262441876584163
8839	20.25303590824894
5228	20.21795412841487
2219	20.171006101185284
627	20.15190012583351
1164	20.145285151805442
6696	20.141942584824648
208	20.14141908451498
4070	20.114168940318898
2113	19.925668953221592
54463	19.8430748698892
10810	19.834529811748894
8317	19.744998389875747
8795	19.726951460958457
672,675	19.70684622450701
8493	19.602236015303728
3439	19.593223929117357
3133	19.585974626915473
2052	19.584675202482252
1435	19.523784914666734
1969	19.44989079495555
3925	19.357003805239394
887	19.35555122942222
5359	19.22022520820363
157310	19.174438367975778
3178	19.169118951523075
54798	19.034966089948515
699	19.028964405112283
2778	19.02836191779333
9788	19.0134828547927
17709	18.99502372395188
4060	18.991608965741026
406986	18.975880223367543
6495	18.94276217456488
3627	18.89939067174405
2034	18.85829546318156
91010	18.81436077114272
27043	18.807187973649828
57805	18.766060018899477
10808	18.71551051773007
9112	18.613361776503996
29128	18.605069245613507
4512	18.488286504743353
4927	18.47741823626633
3636	18.453295671730785
406967	18.411527726080138
84557	18.368026157056068
57326	18.36600324017344
595,890	18.356632165350298
1082	18.356632165350298
84883	18.356632165350298
6279	18.348485122756085
83990	18.31918525378316
8766	18.274684090519074
5648	18.254517135099682
10584	18.254517135099682
3716	18.24344049539473
51141	18.232590694328643
23492	18.203315841679682
998	18.111915338900495
10006	18.107803435910956
1601	18.09480020263962
1440	18.04752320731122
7037	18.02236654996362
2925	18.01771029050591
407018	17.952541488021808
8099,1017	17.95210178868726
81839	17.94686234557363
7414	17.939468124678246
338413	17.934422611115757
7184	17.88606962263809
1437	17.879130251528878
11214	17.863635352492764
5976	17.740650283437812
8573	17.69217851065543
5594	17.683835521867927
2719	17.68293073438799
2168	17.68125670716129
8863	17.559610525264866
83667	17.53198943258971
406904	17.522756000053597
3106,3107,3105	17.521554621076167
3953	17.5001232940349
27178	17.399180854557944
3484	17.399180854557944
2069	17.377097187198338
58191	17.363166928402535
4363	17.324603359329075
60529	17.27753144010613
5650	17.262285294122304
5621	17.18439173730942
24329	17.055288447661493
174	17.04980047809392
6510	17.031458670728934
4907	16.979041050918518
953	16.950023946594207
5742	16.943110922494704
8243	16.93054059943808
302	16.898354748417148
4521	16.875533073092182
2551	16.87489998035144
56963	16.837749680224004
1407	16.822761964783666
11107	16.789794171111453
90865	16.780668995317
3579	16.775428541621295
11073	16.767371534394254
23091	16.767371534394254
55655	16.767371534394254
55183	16.767371534394254
9735	16.767371534394254
18706	16.75966792338506
27250	16.701027684329258
3717	16.63134524732917
59340	16.62294653727192
1111	16.552903250413305
1008	16.540946566724386
64403	16.540946566724386
2022	16.51983838873764
8826	16.46989671400449
10383	16.46610414260486
1514	16.338028169014084
9611	16.338028169014084
5469	16.283047544359107
8741	16.230357800070312
4616	16.21222909838083
10735	16.187968572055368
407007	16.168864928357454
406959	15.934624795491303
53630	15.928897186030827
57019	15.925595581519065
6280	15.924505819300458
100750225	15.921053343093835
466	15.893935178349206
9040	15.880519131878147
4738	15.880519131878147
2619	15.880519131878147
64798	15.880519131878147
8883	15.880519131878147
57154	15.880519131878147
407004	15.866144617830598
4615	15.818695937905634
5979	15.795820422389195
5241	15.741023912239068
5005	15.73618255679396
406920	15.722149569691757
4771	15.645437649968644
29102	15.629942102191439
53366	15.604480449969447
8248	15.604480449969447
23598	15.604480449969447
70356	15.603905814526485
6778	15.544599230936239
6383	15.360811239744143
7052	15.321853767292454
79444	15.319386041868588
1591	15.313480146784233
6498	15.292719647093708
6497	15.292719647093708
2984	15.253983266964081
18708	15.207487756479035
89797	15.186259541984732
5536	15.186259541984732
254531	15.186259541984732
257632	15.186259541984732
16847	15.186259541984732
160622	15.186259541984732
6586	15.186259541984732
65982	15.186259541984732
22974	15.186259541984732
55422	15.186259541984732
4090	15.186259541984732
56852	15.141267632141385
5997	15.129186451350172
5888	15.111001606786555
6359	15.090917218388608
10456	15.087279478873686
965	15.040613988122463
160728	14.904593929227527
494324	14.884417814076464
494327	14.879161756156085
56477	14.852951982938492
15218	14.80294346188572
3065	14.777128090143812
22919	14.732487723506287
3692	14.717282025513079
3603	14.644486028803412
2224	14.628409169610428
4588	14.622936258516322
60674	14.605592689211058
110157	14.578444058146273
54704	14.578444058146273
7132	14.570156477782797
1234	14.565333891804213
2063	14.525937951286808
406946	14.499973686953203
3068	14.493938935792148
2042	14.491209643505023
8614	14.471468859612617
1460	14.457691879728724
6647	14.434865290146888
6678	14.375033884511478
10049	14.365936540955934
968	14.331899723172265
2260	14.32199026136438
8202	14.316332401501304
540	14.315588782248316
55626	14.312401457099607
85366	14.295774647887326
1536	14.295774647887326
80321	14.295774647887326
50873	14.295774647887326
5013	14.243891169237902
100346189	14.1942328515967
71409	14.156364003780885
5366	14.101337138241085
80139	14.092018146049558
6608	14.069397296972877
1084	14.005479106300953
6091	13.983761177443064
1800	13.917733574337657
56208	13.911135355370416
240	13.874676235896114
406982	13.840928334200072
51079	13.798991423637936
2033	13.758028845255435
5411	13.751399338791144
69253	13.751399338791144
79068	13.74502876034835
3563	13.74502876034835
55353	13.713494649582262
1958	13.690413261492573
4780	13.679525247464522
80864	13.647956734914285
6938	13.631539497278219
51497	13.60320581611425
3589	13.59323941911129
9474	13.559575968645392
101	13.552347412158287
6282	13.542258598873602
1236	13.469944354585223
9122	13.420655372216288
2066	13.408473299579025
2597	13.396385209011417
1363	13.368840901752801
8840	13.356567705425253
6356	13.336670739647783
151648	13.310712368973949
5764	13.299223443166511
7374	13.269655355690839
3574	13.266745261334282
2050	13.264098168494362
20230	13.254692630586502
2309	13.210869912981991
114783	13.202924195822352
3596	13.155242369105046
18033	13.145399445027172
81792	13.102568654263482
2004	13.09161313348276
213	13.069490060819248
3897	13.055884803287103
652	13.010747295387162
81528	13.009922733158794
4361	13.00480443467778
56655	12.925972409447517
8915	12.915237298377724
2867	12.915237298377724
2865	12.915237298377724
5292	12.915237298377724
2324,2321	12.915237298377724
688	12.903108473704531
6198	12.894867671968974
6788	12.87273641331301
320	12.862226756579357
10894	12.85014851665284
1820	12.848257536342132
362	12.840881819267146
3485	12.817594760554254
2274	12.796013969104497
23452	12.778821855735828
6520	12.775308181340458
474	12.772526436070677
51573	12.686543272928166
6868	12.671895524474246
1909	12.588749954349788
83734	12.579270451789387
79187	12.5633391680843
4734	12.550722646781296
5984	12.494125271067631
6363	12.487337669520137
2244	12.46467505390816
6117	12.461695609218205
5641	12.44305885747245
1366	12.371836911640925
9201	12.340901831407638
3621	12.274044553714473
81631	12.253521126760562
894	12.246217284805624
1191	12.242153821895498
89958	12.179390922614669
3265	12.169238218257314
2735	12.16833256278752
55165	12.14619571760818
9229	12.128341776740523
10075	12.127756571719404
10657	12.061817292554355
387189	12.059432196170079
340419	12.038127939609149
133	12.030994565178073
5983	12.025823764563235
79602	12.025190297158062
929	12.012787707931091
51208	12.005426758451026
10553	11.993083193865864
1489	11.875396240563415
7707	11.849760103926275
91607	11.821385744128467
5090	11.808630296047287
3156	11.79483782599955
728239	11.791158058473139
2526	11.776415022570868
4249	11.747859727496362
79784	11.728462290324641
11004	11.688601309465506
2294	11.679214559074367
10551	11.628355254379294
338557	11.61628913820168
7103	11.59172858296926
182	11.589938567551963
6362	11.583683997629546
5981	11.55629087958658
2247	11.54367771656477
16886	11.54230101557324
634	11.532470498876902
10071	11.525731366582573
1942	11.460360980090263
1869	11.41697600850444
244650	11.38663233442737
98432	11.38663233442737
412	11.379552652798925
5885	11.361732661361472
7097	11.348578451557586
5732	11.308020502187873
901	11.303970201715867
4052	11.303681328897166
6722	11.2891658333263
23409	11.267387766943862
118856	11.262085283010805
30848	11.257067623730492
3557	11.242651068543838
8742	11.221533354472928
284	11.216589497068794
4535	11.21477654970612
406	11.190376774034302
13179	11.148992695523415
7023	11.135329735534548
6403	11.122847423319561
117581	11.10016725302028
5921	11.010211280513907
5308	10.995721651760451
10855	10.991972975382337
8837	10.974273691138793
407041	10.965857329800139
4485	10.963236189923023
92	10.956313460434465
57332	10.938653508487743
5715	10.921760170404696
4356	10.883718888320757
22418	10.883718888320757
5770	10.867584022972391
6598	10.86499504598238
51285	10.86178951507287
10190	10.858819215254858
16453	10.858819215254858
54905	10.846538143254886
200958	10.813894766240493
84148	10.80746909099758
396	10.802394600665474
7490	10.754228766795901
12	10.708976275454066
10643	10.708565715674194
7033	10.703983565852372
30817	10.660567119638198
890	10.60726778393927
575	10.594755920906515
7703	10.585289218486631
1485	10.574328156410015
5978	10.553691573131639
67896	10.521085646957538
10984	10.505626631642983
5562	10.500953353817884
2041	10.488810256816652
5594,5595	10.484199908598624
29122	10.473333591197786
406903	10.455194700191484
2980	10.441076191615796
1058	10.41382439336652
8661	10.39901894518988
2348	10.389286330278205
28514	10.348983336059863
9536	10.341179999473388
6850	10.304457377761285
11047	10.262323332922534
10447	10.235386309562543
94025	10.232145345207359
8836	10.229905688835238
7361	10.224642642835954
139818	10.211267605633804
51780	10.211267605633804
9208	10.211267605633804
18024	10.211267605633804
1656	10.18785716981735
7056	10.186367932567904
7020	10.175359940265814
6279,6271	10.160343385905025
6281	10.137499280797417
27121	10.123683800660377
6847	10.107525766919649
95	10.02985516406828
7905	10.011586324739254
780	10.011558569822768
3105	10.0057471496463
8085	9.976078092896511
1901	9.935136049264173
6143	9.935136049264173
343	9.919753445301552
2202	9.903992353437827
54739	9.87927377599181
406994	9.865575482943775
9368	9.8408152293581
7035	9.834116453632626
57007	9.815805211957732
407036	9.79952103837608
4440	9.79443605118109
374907	9.789518008919957
5345	9.767964119346406
3164	9.714851269289099
652995	9.656300927810385
406975	9.648753403794846
10562	9.638985969583445
4085	9.597913594166444
2744	9.58907384152376
563	9.570978285958075
406983	9.569114085756066
306	9.543096797715746
5156	9.476066931557613
406993	9.467279170793123
10663	9.464301281095398
3551	9.45358878002054
442917	9.434459468461174
406966	9.423189404977792
80196	9.393306483756215
2633	9.365225699238625
10193	9.34854022053268
10953	9.336016096579478
4929	9.331137168038794
3565	9.31105485856609
7472	9.299727512239023
11337	9.287219629704587
2051	9.26355794984087
1301	9.26238753979863
693177	9.233643584056058
171577	9.2191043513032
4680	9.181193787926368
3566	9.150076705628798
83595	9.127961281675587
4536	9.106047075917216
137872	9.061017787839099
406989	9.04601471321199
977	9.036588912376072
7939	9.026420295240847
64218	9.022279674223908
2232	9.022279674223908
14235	9.012691773999887
79977	9.001560150367098
10223	8.985626962848727
5338	8.972075588338477
9475	8.949165491620796
10280	8.944005876308216
1588	8.937257659486832
5618	8.912964784314376
387155	8.88366195494199
442904	8.880952184520835
909	8.864481115735337
1586	8.860285227214868
4254	8.80351344656599
8660	8.78505533624119
10481	8.675601020921961
7471	8.659225193691586
4684	8.641400309418756
2529	8.624828370156683
7080	8.61651558841151
9519	8.598356208785404
5629	8.590007513672827
10859	8.57740207284565
18208	8.573253344090002
7098	8.564468268686529
5743,4513	8.552582577798443
7295	8.515469935841502
10395	8.499880326046368
84687	8.461596309154038
3456	8.437905288410558
5727	8.436634509120314
1604	8.433048159331536
3590	8.425223255128113
146	8.406707368810457
5817	8.384698506742353
13867	8.377549829848277
53904	8.36508759248559
406996	8.356904713003571
1788	8.340698678538425
12387	8.340622967997852
109880	8.32862450864222
6494	8.322915735332312
4313,4318	8.311176576801088
7543	8.307560677981598
7412	8.283140440856634
4585	8.266498026395954
6692	8.261408011071467
7083	8.223026821805364
55662	8.202761211256306
64710	8.201820721187165
6997	8.201433012034512
4192	8.198779185577191
219541	8.1981227892244
28955	8.19705983344089
4913	8.182270791911371
1934	8.169014084507042
22341	8.169014084507042
4495	8.169014084507042
759,760	8.169014084507042
64754	8.169014084507042
84353	8.169014084507042
57105	8.169014084507042
284654	8.169014084507042
11045	8.167195895372174
948	8.150656627372076
3014	8.144114411441144
3570	8.144114411441144
10957	8.144114411441144
4482	8.144114411441144
8856	8.144114411441144
3190	8.12392900816764
1445	8.109352651269948
14179	8.097466932366622
21803	8.079196062305217
5444	8.077542640768876
5861	8.047476051644624
655	8.035792287999271
140462	8.035792287999271
81930	8.022065265379135
1027,3429	8.016953553598395
8739	8.002268651418817
912	7.998928851772764
7481	7.957686753935264
321	7.950456364733399
57410	7.923429130851557
2624	7.923429130851557
7450	7.9200578287034835
93953	7.917627487547026
6445	7.917627487547026
25311	7.917627487547026
29968	7.916930827042276
388112	7.907009940671346
4923	7.87693319031791
14160	7.873897238380394
4976	7.8246876534998995
1994	7.8068919563434145
6376	7.797578198843515
6095	7.7814811700779245
4802	7.7814811700779245
7042	7.781481170077924
57817	7.774105453002938
84519	7.774105453002938
51029	7.774105453002938
225689	7.772020377795316
1855	7.761265601050037
11122	7.759747965091075
6863	7.7487383834467565
4862	7.720313553772321
3217	7.70643353102221
407052	7.7053338682369255
5538	7.697524492649221
239	7.664658469111753
100302137	7.650188997332533
1687	7.6264751956596735
8745	7.6264751956596735
3098	7.617268801714149
3875	7.613780278596515
3552	7.610266385616164
406997	7.575072668759738
6238	7.54282866199507
1017	7.542474083531714
51100	7.5206815057488265
5321	7.501169424570205
11199	7.500706484426174
6775	7.482851529570109
9397	7.473236968798819
1594	7.425989281917613
6400	7.418847928714705
13433	7.4073764535545
1441	7.404096494564732
4257	7.403199521730917
112399	7.357844866519936
57026	7.354044833502197
1645	7.353633686663342
10549	7.345898573713029
1432	7.345617988494462
4153	7.320214775151062
5270	7.315399666609704
56547	7.308288024125284
65132	7.3026153852175995
9846	7.300678221617888
9266	7.2859267874679166
693188	7.2841856550227
4982	7.242369351947361
839	7.2305288564860035
6909	7.218062594082573
112744	7.195487909400304
10220	7.189287549624113
5203	7.189287549624113
10097	7.189287549624113
407037	7.181863322461246
1179	7.160877430044701
28996	7.15560929459836
406940	7.11845326883048
57620	7.107036259882465
574456	7.097921912830817
8437	7.093781572171592
5176	7.0815085323086295
6693	7.079736995310646
10451	7.06440581515865
407029	7.060504060612044
10761	7.051148620772174
3688	7.026665202362112
75388	7.010624644301508
406936	7.008676118615299
60489	7.000708591886336
2214	6.98937512009005
4435	6.968602269034526
54487	6.959511949757473
15902	6.958778712218307
4733	6.948472357818361
91768	6.9389342273631565
143662	6.93695603459753
6899	6.931192159788663
3219	6.911244762577849
10592	6.906547687412278
545	6.906547687412278
5245	6.904528012533856
1636	6.902415445702999
124220	6.89874369216507
2172	6.880840138984844
29117	6.854409281942351
22914	6.854409281942351
10875	6.839234564328404
6317	6.839159271622468
5068	6.839159271622468
81831	6.8258742245498985
6462	6.8179604495269555
23327	6.81755259884884
396061	6.795041925046879
238	6.777297126847187
24144	6.773869375466387
79884	6.760827995673148
66102	6.721561287990154
1452	6.695472426298973
55143	6.6934763798445776
406987	6.6876344635593625
28234	6.687331297102483
29072	6.685862406822691
9212	6.6783087402702925
283871	6.673518547587228
941	6.660329356656249
1960	6.650610358627867
26018	6.641304078780045
2638	6.62063209098659
9245	6.611340013998162
3135	6.589634733084928
6523	6.585022708425309
79888	6.585022708425309
3628	6.585022708425309
51311	6.580557461483464
3949	6.580557461483464
3690	6.567607168257883
55818	6.565854643931796
57291	6.557667223708146
5291	6.552344227781671
115908	6.547682735984915
57188	6.536538728974072
80010	6.528332987918848
8607	6.5260171093407235
5435	6.494687091666841
442901	6.492886756986877
4176	6.465912047208381
253260	6.461437285954576
22601	6.453020798514647
4163	6.452833266997641
226442	6.435236499840657
957	6.435236499840657
6267	6.435236499840657
100507056	6.434672761969876
8817	6.425911266444482
9798	6.391071711895998
6352	6.384616502517433
3702	6.383443847155844
11699	6.368702339835701
7518	6.35428517623631
9855	6.331197327100094
4852	6.304228634149076
9271	6.304081623682315
406953	6.294769707798929
9510	6.292616060701492
12389	6.275442109159897
8771	6.256814846527287
51284	6.247728965995767
9971	6.247728965995767
151871	6.247728965995767
8878	6.247728965995767
5908	6.230413075495919
55054	6.224559326480376
572	6.224507663239557
687	6.215029377526251
3337	6.200905663353999
1081	6.175529178335057
12575	6.164043510807121
51083	6.155663637523855
84823	6.1411279764165645
1525	6.138474193266108
3600	6.138474193266108
30051	6.126760563380281
7528	6.126760563380281
976	6.109524746703543
4067	6.101951383291154
110750	6.096435438792033
6274	6.07930953782726
1395	6.071325496134417
3562	6.0657430806937125
8761	6.055602199925504
641	6.04870903242932
1163	6.047710007746405
406979	6.041549891418885
896	6.031483114530987
10257	6.010669131712222
29071	6.0072161580263685
57650	6.0072161580263685
406942	5.999751013790469
4926	5.983880086899616
136	5.954788321626274
5424	5.952275142131077
100885775	5.944520389877873
5915	5.944520389877873
7423	5.944520389877873
51477	5.944520389877873
17075	5.932323053734043
1003	5.9247504110951095
54997	5.905681041834179
283149	5.899609055811087
3376	5.885444987012111
6566	5.8850957246325475
473	5.8803444167661585
147719	5.875302709859113
10599	5.875302709859113
26225	5.871047362732868
6855	5.869776755396432
489	5.82554002993275
4654	5.810048085576833
16193	5.809069143803544
2157	5.808802045320518
7251	5.786530877436782
6092	5.785395873990604
675,672	5.7780947985674675
659	5.7780947985674675
60401	5.7780947985674675
27436	5.7780947985674675
56998	5.7780947985674675
12981	5.76069105569791
727897	5.7533907767011545
693210	5.70674056141877
3342	5.662181565017985
56848	5.651542951401724
10014	5.645138688252893
10928	5.64458291666315
3959	5.6347575274771655
10910	5.629007812281518
57379	5.6214663334304795
567	5.595744671929265
3324	5.576211593188004
7976	5.574511431439667
442890	5.563256619857182
23643	5.562314095295838
12550	5.561566351135449
942	5.5246484610460715
79661	5.467565988097656
4350	5.467565988097656
11168	5.446719445349039
85458	5.446719445349039
26121	5.433968690037888
2323	5.429409607627429
2346	5.429409607627429
10628	5.429409607627429
604	5.429409607627429
4543	5.429409607627429
4102	5.429409607627429
79924	5.429409607627429
1089	5.429409607627429
60495	5.429409607627429
79901	5.429409607627429
14173	5.429409607627429
79075	5.429409607627429
5933	5.429409607627429
17386	5.429409607627429
79679	5.429409607627429
5170	5.429409607627429
1674	5.429409607627429
7097,7099	5.429409607627429
55740	5.429409607627429
28987	5.429409607627429
51305	5.429409607627429
7058	5.429409607627429
406933	5.429409607627429
4839	5.429409607627429
2692	5.429409607627429
23434	5.429409607627429
10125	5.429409607627429
54583	5.429409607627429
2765	5.429409607627429
10979	5.422145579986488
9480	5.415018479790572
3756	5.413932942008563
27179	5.413932942008563
1548	5.398661394168965
9968	5.389257080936627
6373	5.366198876807708
1803	5.364739251323078
60	5.362367201851839
5307	5.342669892152502
5358	5.337383072704787
53827	5.329384554769135
993	5.3276662098565915
5607	5.31707942110569
358	5.312900063961906
360	5.312900063961906
2068	5.312599129208589
26246	5.312599129208589
509	5.312599129208589
2101	5.311239900530612
3725	5.300261044042531
27327	5.291104144460063
442909	5.287845095140467
643	5.284224047959049
3002	5.284224047959049
5346	5.244423017169046
1557	5.225818808749629
50649	5.223486520053497
8703	5.209000320298254
3266	5.208724327037842
23067	5.208724327037842
4171	5.178435282182062
10123	5.165346313279085
197358	5.165346313279085
9308	5.16228307193021
8794	5.146304552149759
10891	5.1443554676012795
2212	5.1390384882906694
5972	5.134107216005928
9133	5.0921871525297
55366	5.0921871525297
6590	5.0921871525297
3987	5.0921871525297
191	5.084617314353652
4983	5.081164340667799
20200	5.066776366264209
11343	5.066776366264209
5310	5.066776366264209
3290	5.059400649189223
3083	5.059400649189223
134145	5.051201261882579
115761	5.00837112705479
22944	4.994746497255665
27065	4.993596866380379
701	4.985726062718654
721	4.985726062718654
7071	4.980109741905956
18007	4.971346915336564
4264	4.959876722650776
57534	4.9443421256509446
256646	4.941486282143137
23512	4.9119030278164315
92912	4.911770391845959
4194	4.911770391845959
100151750	4.911770391845959
2200	4.911770391845959
11339	4.893496876891552
2908	4.869613975032736
1381	4.869613975032736
3175	4.860427489937742
5155	4.860070480372929
1365	4.844339029587548
1825	4.844339029587548
20186	4.835790350170737
574032	4.823368576456199
8091	4.820854843770025
219595	4.820854843770025
862	4.816559713167319
34529	4.805976701935112
7704	4.797789281711461
56938	4.797789281711461
5349	4.797789281711461
84329	4.797789281711461
92,10097	4.7909428649255945
14234	4.788917234179235
10399	4.78065897117612
5550	4.7696024649216
3454	4.762493137423112
9092	4.7585321649851045
51162	4.75496469743197
94234	4.75496469743197
9073	4.75496469743197
56603	4.75496469743197
17863	4.75496469743197
26465	4.75496469743197
406962	4.748988670325298
60681	4.7475797485945925
6424	4.74383069043788
6581	4.740167277838307
1001	4.73019555185356
56913	4.72955391116648
8897	4.71841990417239
6416	4.706034105211697
5652	4.706034105211697
6642	4.706034105211697
535	4.706034105211697
55884	4.706034105211697
6361	4.70414312490099
6367	4.70414312490099
3784	4.70414312490099
308	4.70414312490099
59086	4.701977700285496
9891	4.701977700285496
51547	4.701587329650144
2965	4.689840569714476
9940	4.688568020519359
3718	4.687806994838295
6334	4.672992916137728
4718	4.672992916137728
4920	4.653216486226322
64122	4.642432074415142
20683	4.642432074415142
55233	4.631778974920435
847	4.614457473526224
407030	4.610500675674032
3240	4.606756748891953
1284	4.606402754746413
55384	4.603124958599047
78004	4.593923560349307
57403	4.587864398114881
2494	4.585689867889705
120376	4.572788530689895
64318	4.572788530689895
3303	4.570373435077684
84168	4.564108654775357
11839	4.562210640933623
10902	4.553346939892272
262	4.54361583076238
2255	4.532555039462229
123	4.532555039462229
19	4.530358636375903
64292	4.52422384915137
406909	4.505726441636745
945	4.505726441636745
3561	4.505726441636745
18131	4.503357790268859
5339	4.503357790268859
9500	4.502337719491855
2953	4.486008210230935
79577	4.474582745810398
9805	4.474582745810398
10163	4.474582745810398
6932,3172	4.474582745810398
6917	4.474582745810398
6948	4.474582745810398
3082	4.474582745810398
21926	4.474582745810398
586	4.474582745810398
84634	4.471368772410372
100033819	4.46723661087842
9564	4.46723661087842
5784	4.46723661087842
8089	4.4552482325016385
2796	4.452907538599262
2668	4.45084588533182
983	4.443343460571892
407010	4.4344875178245875
5898,5899	4.419633689336434
18227	4.415003213450366
55901	4.4101757028932855
1512	4.404300515105318
407042	4.391336757495153
27101	4.380491976157164
4319,4322,4314,4313,4318	4.375718388173442
4613	4.352915515399086
1902	4.336025146773491
6829	4.336025146773491
9170	4.336025146773491
3592	4.328256396734808
23032	4.326832449776551
2118	4.315994031128592
11009	4.308488933679352
2821	4.268560528536095
8537	4.259268451547667
9994	4.254092868177748
9927	4.24893143573371
55829	4.238594419919753
26471	4.230151421483379
329	4.2095763619560165
330	4.2095763619560165
10051	4.202408194249875
21780	4.193021823209391
7272	4.1918428835985635
20869	4.1918428835985635
5926	4.1918428835985635
23607	4.1918428835985635
2046	4.1918428835985635
5290,5294	4.1918428835985635
2986	4.1918428835985635
24605	4.1918428835985635
57492	4.1918428835985635
196528	4.1918428835985635
5967	4.182543796242795
1469	4.174356376019144
8850	4.172151492328034
6421	4.167834080975805
574411	4.163918092285417
5187	4.161147232411605
73250	4.146118447905328
9262	4.142703471340184
7415	4.1377068894824705
5625	4.133204980017657
7357	4.111169420736184
24147	4.111169420736184
7024	4.111169420736184
81567	4.111169420736184
163786	4.104348160172321
54490	4.097016032225686
57531	4.093515346850225
6351	4.08765472234278
10524	4.084594695852795
1030	4.084507042253521
2049	4.076207151231555
406910	4.068145908186441
8000	4.057808892372484
1813	4.035786176045477
9306	4.021940493724277
430	4.021596160310354
56994	4.007431157172578
145264	3.982658602795965
25803	3.982658602795965
14051	3.982658602795965
26195	3.958813743773513
569360	3.958813743773513
5897	3.958813743773513
5430	3.958813743773513
55502	3.958813743773513
250	3.958813743773513
22152	3.958813743773513
54626	3.958813743773513
17210	3.958813743773513
23082	3.958813743773513
9,10	3.958813743773513
57801	3.958813743773513
25859	3.958813743773513
314	3.958813743773513
56996	3.958813743773513
354	3.958813743773513
404663	3.958813743773513
49	3.958813743773513
2981	3.958813743773513
90249,219699	3.958813743773513
4709	3.958813743773513
2554	3.958813743773513
80304	3.958813743773513
100126333	3.958813743773513
10866	3.958813743773513
7832	3.958813743773513
13508	3.958813743773513
16450,16409	3.958813743773513
59269	3.958813743773513
25886	3.958813743773513
3908	3.958813743773513
55714	3.958813743773513
57628	3.958813743773513
378529	3.958813743773513
90249,219699,8633	3.958813743773513
7971	3.958813743773513
5348	3.958813743773513
7031,5663	3.958813743773513
256536	3.958813743773513
7145	3.958813743773513
175	3.958813743773513
56259	3.958813743773513
79365	3.958813743773513
26011	3.958813743773513
6737	3.958465413521138
1087	3.958465413521138
4149	3.958465413521138
89782	3.958465413521138
9097	3.958465413521138
6470	3.958465413521138
5196	3.958465413521138
10278	3.958465413521138
2161	3.958465413521138
7051	3.958465413521138
10521	3.958465413521138
8841	3.958465413521138
1804	3.958465413521138
196	3.958465413521138
4942	3.958465413521138
2903	3.92659927496633
1387	3.9183088748889556
873	3.917267141451975
1269	3.904920215172546
1268	3.904920215172546
6303	3.902858561905104
17002	3.8928690156120176
22796	3.8770233648252144
9219	3.8770233648252144
2305,9232	3.856485701797749
2072	3.853959146981946
2696	3.853959146981946
2303	3.848322907653687
407050	3.8399581187679215
27074	3.8329779321712
6447	3.8329779321712
1290	3.8329779321712
8398	3.8329779321712
488	3.816087595349873
268934,14802	3.789350427390651
1984	3.7799822878531266
3106	3.778706909311876
6159	3.748536179372964
54749	3.7411604622979784
717	3.70368822677725
197	3.698462630542572
5080	3.6905961942187835
64083	3.6607294144220646
4040	3.6543834621566536
19882	3.630978863008254
14256	3.630978863008254
931	3.630305118771042
6934,6932	3.622585132416307
6370	3.6199314606413777
406992	3.5773059729102887
9173	3.5771063356449364
6533	3.570047958051565
17295	3.5455222090950707
3292	3.533024162182053
1909,1906	3.533024162182053
4601	3.533024162182053
11124	3.533024162182053
9194	3.533024162182053
20317	3.533024162182053
54106	3.533024162182053
8453	3.533024162182053
1843	3.533024162182053
4548	3.4512077228514997
6323	3.4512077228514997
5354	3.4512077228514997
5507	3.440135874187739
6285	3.4333832405549094
152559	3.4264231726028496
56710	3.4116472320584124
5414	3.3948199428898285
231	3.3948199428898285
759	3.3948199428898285
3859	3.3948199428898285
3400	3.3948199428898285
3998	3.3948199428898285
1398	3.3948199428898285
7137	3.3948199428898285
2736	3.3948199428898285
27401	3.364604734013546
3663	3.361749361629924
79727	3.361749361629924
5599,5601	3.361749361629924
20848,16193	3.361749361629924
5293	3.361749361629924
16001	3.3316530673919242
6932	3.3316530673919242
83478	3.3316530673919242
15439	3.2959643278985076
15458	3.2959643278985076
12557	3.2959643278985076
232345	3.2959643278985076
3889	3.2959643278985076
597	3.2959643278985076
4174	3.2925113542126545
8125	3.2925113542126545
7284	3.2925113542126545
84417	3.2925113542126545
3312	3.2925113542126545
767	3.2925113542126545
11171	3.2925113542126545
1655	3.2925113542126545
3872	3.2925113542126545
382985	3.2925113542126545
4831	3.2925113542126545
5725	3.2925113542126545
220988	3.2925113542126545
64321	3.2925113542126545
6652	3.2925113542126545
4478	3.2925113542126545
6273	3.2925113542126545
1831	3.2925113542126545
442908	3.27799131350344
8239	3.2728615970632955
650	3.2461111745833895
114479	3.2461111745833895
15505	3.2461111745833895
25544	3.229877420219238
1088	3.229815586064159
7799	3.229815586064159
30833	3.229815586064159
9766	3.229815586064159
15894	3.2176182499203283
18526	3.2176182499203283
23081	3.2176182499203283
3398	3.2176182499203283
19122	3.2176182499203283
12505	3.2176182499203283
75605	3.2176182499203283
115286	3.2176182499203283
13	3.2176182499203283
56052	3.2176182499203283
4758	3.2176182499203283
7803	3.2176182499203283
11331	3.2176182499203283
6280,6279,6271	3.2176182499203283
134265	3.2176182499203283
940	3.2176182499203283
20393	3.2176182499203283
338412	3.2176182499203283
93672	3.2176182499203283
93659	3.2176182499203283
50975	3.2176182499203283
9739	3.1931731388712628
1000	3.1871059807840796
3185	3.179252520065907
59079	3.1425979685178134
2695	3.1243937708290366
5327	3.115494425647161
6795	3.069237096633054
26227	3.069237096633054
5645	3.069237096633054
7409	3.069237096633054
7479	3.069237096633054
959	3.069237096633054
5744	3.069237096633054
7535	3.069237096633054
1019	3.0554106270749637
7764	3.04856354160367
3780	3.03868597288744
1113	3.03868597288744
12048	3.03868597288744
6926	3.03868597288744
6709	3.0188404984403205
55146	2.9401722083830792
2538	2.9401722083830792
55646	2.932801331676747
9588	2.89248605692788
5055	2.880345527848955
64405	2.880345527848955
3405	2.880345527848955
5920	2.875613537622651
9833	2.846004171337512
1178	2.846004171337512
811	2.8310907825089924
4091	2.8310907825089924
63955	2.8257866138613457
754	2.8257866138613457
5154	2.8257866138613457
7013	2.8257866138613457
57604	2.8257866138613457
18128	2.8184833830736737
230099	2.8184833830736737
387244	2.8184833830736737
81537	2.8184833830736737
25937	2.8184833830736737
8050	2.8184833830736737
11221	2.7929292338449385
47	2.7929292338449385
27121,27123	2.7929292338449385
406937,406935	2.773351603628876
407027	2.7383009963313416
21672	2.727535268494823
4969	2.7147048038137145
10653	2.7147048038137145
1471	2.7147048038137145
399100	2.7147048038137145
57761	2.7147048038137145
27076	2.7147048038137145
2353	2.7147048038137145
3685	2.7147048038137145
4100	2.7147048038137145
112398	2.7147048038137145
6757	2.7147048038137145
6772	2.7147048038137145
4103	2.7147048038137145
4109	2.7147048038137145
24887	2.7147048038137145
23528	2.7147048038137145
6752,6754,6755	2.7147048038137145
219699	2.7147048038137145
4162	2.7147048038137145
84444	2.7147048038137145
51554	2.7147048038137145
5074	2.7147048038137145
10155	2.7147048038137145
51599	2.7147048038137145
51114	2.7147048038137145
2822	2.7147048038137145
1806,1890	2.7147048038137145
396497	2.7147048038137145
2877	2.7147048038137145
17345	2.7147048038137145
2047	2.7147048038137145
399274	2.7147048038137145
13866	2.7147048038137145
84171	2.7147048038137145
22798	2.7147048038137145
13845	2.7147048038137145
5595	2.7147048038137145
2064,1956,2100	2.7147048038137145
19126	2.7147048038137145
5133	2.7147048038137145
693137	2.7147048038137145
137075	2.7147048038137145
17	2.7147048038137145
6004	2.7147048038137145
366	2.7147048038137145
9521	2.7147048038137145
5168	2.7147048038137145
16854	2.7147048038137145
389	2.7147048038137145
11149	2.7147048038137145
59	2.7147048038137145
442902	2.7147048038137145
15510	2.7147048038137145
1634	2.7147048038137145
2517	2.7147048038137145
2530	2.7147048038137145
100126354	2.7147048038137145
77125	2.7147048038137145
1244	2.7147048038137145
27286	2.7147048038137145
5624	2.7147048038137145
10863	2.7147048038137145
25096	2.7147048038137145
6622,6620,6623	2.7147048038137145
10026	2.7147048038137145
23308	2.7147048038137145
6541	2.7147048038137145
8714	2.7147048038137145
8733	2.7147048038137145
9610	2.7147048038137145
56647	2.7147048038137145
84674	2.7147048038137145
3783750	2.7147048038137145
23224	2.7147048038137145
55704	2.7147048038137145
3902	2.7147048038137145
3916	2.7147048038137145
842,836	2.7147048038137145
3936	2.7147048038137145
51703	2.7147048038137145
3480,3479	2.7147048038137145
51741	2.7147048038137145
919	2.7147048038137145
377677	2.7147048038137145
5729	2.7147048038137145
170758	2.7147048038137145
10988	2.7147048038137145
966	2.7147048038137145
3578	2.7147048038137145
10952	2.7147048038137145
3593	2.7147048038137145
57214	2.7147048038137145
13641	2.7147048038137145
5311	2.7147048038137145
7965	2.7147048038137145
3106,3107	2.7147048038137145
54538	2.7147048038137145
8829	2.7147048038137145
3148	2.7147048038137145
8838	2.7147048038137145
7531	2.7147048038137145
7534	2.7147048038137145
51053	2.7147048038137145
4017	2.7147048038137145
8870	2.7147048038137145
10096	2.7147048038137145
8405	2.7147048038137145
4069	2.7147048038137145
100302187	2.7147048038137145
6751,6752,6753,6755	2.7147048038137145
7168	2.7147048038137145
100128922	2.7147048038137145
7190	2.7147048038137145
8407,6876	2.7147048038137145
2737	2.7147048038137145
27330	2.7147048038137145
55783	2.703380142858743
1824	2.703380142858743
56892	2.658539710552845
2356	2.658539710552845
55760	2.658539710552845
4832	2.658539710552845
11132	2.6562995646042946
843	2.6562995646042946
3915	2.6562995646042946
101867536	2.601315985668765
1454	2.5965350967168983
84498	2.5965350967168983
407017	2.5965350967168983
5777	2.5965350967168983
4000	2.5965350967168983
55872	2.5965350967168983
165721	2.5965350967168983
22827	2.593878814260533
10226	2.5695192441453347
1524	2.5695192441453347
693193	2.5695192441453347
6046	2.5695192441453347
5726	2.5695192441453347
7508	2.5695192441453347
574449	2.5695192441453347
3451	2.565865217143405
93687	2.565865217143405
12822	2.5313729956284767
72935	2.5313729956284767
4853,4854	2.5313729956284767
654	2.494019523224128
100302255	2.494019523224128
339	2.494019523224128
54715	2.494019523224128
83852	2.494019523224128
51701	2.494019523224128
7128	2.494019523224128
8036	2.494019523224128
574455	2.494019523224128
3297	2.485023633016499
22253	2.4506415094653704
8835	2.4506415094653704
10052	2.4506415094653704
231474	2.4431582164266055
2242	2.4431582164266055
522	2.4431582164266055
79971	2.430213744968871
4693	2.430213744968871
53947	2.430213744968871
7473	2.430213744968871
8846	2.430213744968871
1465	2.3954714324627973
55226	2.3954714324627973
50840	2.3954714324627973
3716,3717	2.3954714324627973
171558	2.377482348715985
20878	2.377482348715985
101805488	2.377482348715985
6391	2.377482348715985
69260	2.377482348715985
9069	2.377482348715985
1592	2.377482348715985
4673	2.377482348715985
2023	2.377482348715985
6482	2.377482348715985
375	2.377482348715985
10410	2.377482348715985
57521	2.377482348715985
7458	2.377482348715985
6141	2.377482348715985
7494	2.377482348715985
100314075	2.377482348715985
56164	2.377482348715985
29841	2.377482348715985
6239	2.377482348715985
4973	2.366348341721895
613	2.366348341721895
3223	2.366348341721895
6777	2.366348341721895
64167	2.366348341721895
2021	2.366348341721895
10725	2.366348341721895
96979	2.366348341721895
1508,1514	2.366348341721895
23261	2.366348341721895
5757	2.366348341721895
494334	2.366348341721895
3673	2.352071562450495
10232	2.352071562450495
5618,5617	2.352071562450495
4217	2.352071562450495
347	2.352071562450495
406891	2.352071562450495
16846	2.352071562450495
16189	2.352071562450495
6503	2.352071562450495
406984	2.352071562450495
104010	2.352071562450495
9213	2.352071562450495
7043	2.352071562450495
340273	2.352071562450495
17128	2.352071562450495
2248	2.352071562450495
406935,406937	2.352071562450495
386585	2.352071562450495
76856	2.351853696436042
3682	2.344695845375509
12801	2.344695845375509
12802	2.344695845375509
6754	2.344695845375509
8972	2.344695845375509
3291	2.344695845375509
8539	2.344695845375509
59067	2.344695845375509
10765	2.344695845375509
2487	2.344695845375509
22368	2.344695845375509
794	2.344695845375509
2321,2324,3791,7422	2.344695845375509
20682	2.344695845375509
171382	2.344695845375509
277328	2.344695845375509
3061	2.344695845375509
8763	2.344695845375509
7066	2.344695845375509
12774	2.344695845375509
193034	2.344695845375509
53624	2.344695845375509
4914	2.344695845375509
2177	2.336496458068864
6390	2.3215700313531107
5909	2.3215700313531107
5914	2.3215700313531107
11652	2.3215700313531107
407019	2.3215700313531107
80312	2.3215700313531107
1356	2.3215700313531107
1051	2.321216037207571
3466	2.321216037207571
13000	2.321216037207571
51309	2.321216037207571
23433	2.321216037207571
2739	2.321216037207571
11070	2.2969617801746534
25875	2.2969617801746534
902	2.2969617801746534
19016	2.285186717538842
11021	2.285186717538842
12985	2.285186717538842
28936	2.285186717538842
66826	2.285186717538842
6280,6271	2.285186717538842
16153	2.2810707331350275
5163	2.2770239233947804
2254	2.2770239233947804
339390	2.2770239233947804
6005	2.266042249718418
58801	2.266042249718418
468	2.266042249718418
3099	2.266042249718418
406900	2.266042249718418
4877	2.266042249718418
4035	2.266042249718418
79872	2.266042249718418
10059	2.266042249718418
6720	2.2584291132235377
12458	2.2584291132235377
5662	2.2584291132235377
2260,2263	2.2584291132235377
232087	2.2584291132235377
90226	2.2584291132235377
3675	2.245171918837061
3693	2.245171918837061
4101	2.245171918837061
84033	2.245171918837061
113235	2.245171918837061
9818	2.245171918837061
217	2.245171918837061
23080	2.245171918837061
1583	2.245171918837061
1577	2.245171918837061
1576	2.245171918837061
10297	2.245171918837061
2939	2.245171918837061
2938	2.245171918837061
22821	2.245171918837061
25984	2.245171918837061
3038	2.245171918837061
23258	2.245171918837061
64750	2.245171918837061
5934	2.23361830543921
29785	2.23361830543921
3434	2.23361830543921
151742	2.23361830543921
12224	2.2097062824994778
4320,4322	2.197198224002717
79035	2.187859194086721
286133	2.187859194086721
15	2.187859194086721
18003	2.187859194086721
2306	2.1813849080111565
54790	2.1813849080111565
1735	2.1813849080111565
20750	2.1813849080111565
23886	2.1813849080111565
8061	2.1813849080111565
5029	2.1578755074294746
10733	2.1578755074294746
2475	2.1578755074294746
358,362	2.1578755074294746
84962	2.1578755074294746
20201	2.1578755074294746
7408	2.1578755074294746
9223	2.1578755074294746
4663	2.1210855463570226
28882	2.1210855463570226
3643	2.1192972099598766
23036	2.1192972099598766
5071	2.1192972099598766
60436	2.1192972099598766
116154	2.1192972099598766
23246	2.1192972099598766
7027	2.1192972099598766
7060	2.1192972099598766
50861	2.1192972099598766
1303	2.1192972099598766
952	2.1192972099598766
5130	2.1061500399563107
493	2.1061500399563107
18783	2.1061500399563107
4588,7132	2.1061500399563107
506	2.1061500399563107
23919	2.0912718981213976
7263	2.0912718981213976
10273	2.0912718981213976
6950	2.0912718981213976
4357	2.0912718981213976
7123	2.0912718981213976
9361	2.0912718981213976
2308	2.089630015633142
91662	2.083084477897747
84166	2.083084477897747
5599	2.083084477897747
4283	2.083084477897747
81607	2.083084477897747
64283	2.083084477897747
30008	2.083084477897747
1281	2.083084477897747
6518	2.083084477897747
171389	2.083084477897747
10392	2.083084477897747
7087	2.083084477897747
3544	2.083084477897747
10989	2.083084477897747
3598	2.083084477897747
3597	2.083084477897747
27346	2.083084477897747
5898	2.04382736117139
10381	2.04382736117139
91833	2.04382736117139
7439	2.04382736117139
84617	2.04382736117139
4143	2.0422535211267605
8795,8797,8743	2.0422535211267605
100615283	2.0422535211267605
27136	2.0422535211267605
1282	2.0342838665115837
406932	2.0342838665115837
2525,2528	2.0342838665115837
170692	1.9913293013979825
23566	1.9913293013979825
9025	1.9913293013979825
718	1.9913293013979825
100616100	1.9913293013979825
334	1.9913293013979825
335	1.9913293013979825
56999	1.9913293013979825
100124700	1.9913293013979825
55359	1.9913293013979825
55775	1.9913293013979825
1027,5687	1.9913293013979825
406993,407039	1.9913293013979825
146,3476	1.9913293013979825
406943	1.9913293013979825
943	1.9913293013979825
7917	1.9913293013979825
7114	1.9913293013979825
10912	1.9913293013979825
74343	1.987272896471781
3622	1.987272896471781
1015	1.9385116824126072
2885	1.9385116824126072
57402	1.9385116824126072
8650	1.9385116824126072
9506	1.9385116824126072
65129	1.9385116824126072
30014	1.9385116824126072
822	1.9385116824126072
2114	1.9385116824126072
5223	1.9385116824126072
11315	1.9385116824126072
7104	1.9385116824126072
170689	1.926979573490973
3075	1.926979573490973
50943,3605	1.926979573490973
2956,4488	1.9170741711067203
657	1.9170741711067203
1476	1.9164889660856
4522	1.9164889660856
23541	1.9164889660856
56832	1.9164889660856
8945	1.9164889660856
6768	1.9164889660856
665	1.9164889660856
442892	1.9164889660856
83593	1.9164889660856
9451	1.9164889660856
22352	1.9164889660856
2073	1.9164889660856
90	1.9164889660856
3452	1.9164889660856
3447	1.9164889660856
3459	1.9164889660856
6118	1.9164889660856
1748	1.9164889660856
51738	1.9164889660856
30835	1.9164889660856
3985	1.9164889660856
3110	1.9164889660856
3123	1.9164889660856
3142	1.9164889660856
23892	1.9164889660856
100543073	1.9164889660856
10919	1.9164889660856
57136	1.9164889660856
30968	1.9164889660856
58492,7694	1.9056561527635045
834	1.9056561527635045
837	1.9056561527635045
7849	1.9056561527635045
170482	1.9056561527635045
574444	1.8616327382051558
574460	1.8616327382051558
5443	1.851844113388625
693190	1.851844113388625
25792	1.851844113388625
80306	1.851844113388625
13983	1.851844113388625
24602	1.851844113388625
471	1.851844113388625
51339	1.851844113388625
9242	1.851844113388625
3990	1.851844113388625
90627	1.851844113388625
15378	1.851844113388625
30265	1.8503366317993801
26524	1.8503366317993801
722	1.8503366317993801
3810	1.8503366317993801
2158	1.8503366317993801
930	1.8503366317993801
57167	1.8503366317993801
387161	1.7967085219487933
9839	1.7967085219487933
23476	1.7967085219487933
29775	1.7967085219487933
10498	1.7967085219487933
26416	1.7967085219487933
14066	1.7967085219487933
55504	1.7886529864551444
79084	1.7886529864551444
2876	1.7886529864551444
5954	1.7886529864551444
1192	1.7886529864551444
25825	1.7886529864551444
7791	1.7886529864551444
85407	1.7886529864551444
26281	1.7886529864551444
10007	1.7886529864551444
1729	1.7886529864551444
1326	1.7886529864551444
90226,114131	1.7886529864551444
7163	1.7886529864551444
3615	1.7886529864551444
9437	1.7876329156781412
4619	1.7876329156781412
84159	1.7876329156781412
9555	1.7876329156781412
22802	1.7876329156781412
259197	1.7876329156781412
5792	1.7876329156781412
17395	1.7018779342723005
16173	1.7018779342723005
20297	1.7018779342723005
27113	1.6709346991037133
11747	1.6709346991037133
5788	1.6709346991037133
23549	1.6626525896569668
5935	1.6626525896569668
1593	1.6626525896569668
57764	1.6520989246812006
3659	1.6520989246812006
54766	1.6520989246812006
12010	1.6520989246812006
16183	1.6520989246812006
229658	1.6520989246812006
27279	1.6520989246812006
15361	1.6520989246812006
723818	1.6344707892153076
58887	1.6344707892153076
5605,5604	1.6344707892153076
183	1.6344707892153076
1459	1.6290332430094707
3081	1.6290332430094707
10614	1.614938710109619
760	1.5935529903920398
1200	1.5935529903920398
6369	1.588419405320814
5281	1.5791654205826955
7072	1.5791654205826955
728378	1.5791654205826955
23035	1.5712989842589067
76960	1.5712989842589067
23192	1.5712989842589067
23239	1.5712989842589067
406901	1.5712989842589067
51099	1.5712989842589067
406961,6786	1.5712989842589067
26941	1.5712989842589067
29923	1.5712989842589067
7593	1.5712989842589067
3126	1.5096919599813026
2304	1.494871558142302
1063	1.494871558142302
1668	1.494871558142302
2124	1.494871558142302
5781	1.494871558142302
108	1.494871558142302
8404	1.494871558142302
23345	1.494871558142302
6732	1.423002085668756
64478	1.423002085668756
23516	1.423002085668756
343099	1.423002085668756
55075	1.423002085668756
1109	1.423002085668756
4628	1.423002085668756
11222	1.423002085668756
171024	1.423002085668756
6426	1.423002085668756
136242	1.423002085668756
283927	1.423002085668756
84279	1.423002085668756
3070	1.423002085668756
100314036	1.423002085668756
100314035	1.423002085668756
119559	1.423002085668756
9221	1.423002085668756
57474	1.423002085668756
5723	1.423002085668756
5333	1.423002085668756
6707	1.3964646169224693
79595	1.3964646169224693
10253	1.3964646169224693
10252	1.3964646169224693
27189	1.3964646169224693
2495	1.3964646169224693
8639	1.3964646169224693
9982	1.3964646169224693
7003	1.3964646169224693
751537	1.3964646169224693
10539	1.3964646169224693
4897	1.3964646169224693
94195	1.3964646169224693
23451	1.3964646169224693
2530,146	1.3637676342474114
55914	1.3637676342474114
23594	1.3637676342474114
407047	1.3637676342474114
619553	1.3637676342474114
4353	1.3637676342474114
347736	1.3637676342474114
10527	1.3637676342474114
140628	1.3615023474178405
2626	1.3615023474178405
51466	1.3615023474178405
8737	1.3615023474178403
10803	1.3615023474178403
66734	1.285609273395533
6890	1.285609273395533
6891	1.285609273395533
126393	1.2253521126760563
140809	1.2118944711526154
159296,4824	1.1974141973380636
227377	1.1974141973380636
6927	1.1974141973380636
14663	1.175926848218021
1949	1.1670020120724347
11012	1.1670020120724347
133522	1.1670020120724347
6916	1.1670020120724347
11254	1.1670020120724347
5631	1.1048531412497389
10459	1.1048531412497389
22934	1.1048531412497389
1152	1.0879806219445096
9586	1.0879806219445096
3067	1.0879806219445096
6304,23314	1.0879806219445096
69583	1.0879806219445096
3855,54474	1.0211267605633803
590	1.0209250112258643
10904	1.0209250112258643
3030	1.012533171563051
5793	1.012533171563051
6287	1.012533171563051
6288	1.012533171563051
