3845	17429.71852728885
7157	2394.992579042344
1048	1985.3046379380228
673	1969.0777436282544
1956	1922.0303654529955
4292	1904.2295286608576
4436	1672.8937733954335
105782	1658.2956149862912
2064	1458.3540850379316
1499	1002.7010444434344
5627	888.2949776452868
6790	700.4761668117678
2956	695.1511812978915
2263	692.8680096884459
29126	641.6268990911265
595	611.3106897025524
7298	581.399636364628
5058	557.6246141007321
1029	557.5377333373285
56648	551.5729064342783
1999	543.5259788256267
1026	503.7466494051361
5743	495.691137053925
8743	469.8792755263773
3569	467.4946586594057
84951	463.04532848399015
4893	461.92480359632384
4246	447.8902969526042
1116	441.64900332918677
55	440.84912906950547
3558	429.92651808441457
2099	424.84671552523895
675	422.921052049278
207	413.8064505884771
7422	400.9572778462959
5595,5594	387.3391666950694
406991	362.76631338633115
5395	331.6284751721001
5290	328.948678771459
2321	319.6008319058318
4595	319.53570451252966
4609	312.55126177853833
8795	310.710545325169
8797	308.37989135405286
3479	308.2725167558833
11156	301.5993523654829
54474	294.8505974319158
6750	282.2857956149564
3855	280.5938845868619
1045	277.43863393793214
1630	275.4100733057804
7076	274.96088759973935
5928	273.3941538100104
6304	268.6895544211436
407035	263.2525226790394
10801	253.88567545635726
7431	253.59254691442908
3458	247.72977100574778
4838	246.92951500203426
4233	245.75822457315488
5617	227.8166141137418
10879	224.61204223380327
10903	222.9967484832105
672	222.50783571665218
7424	220.15996959099007
16653	216.09186531035638
799	214.54613044947618
4072	207.33881401604276
3162	201.23638021667392
23583	199.59446945277418
4513	198.65280559005404
7074	197.3316450332229
2048	197.3277095959157
5829	196.66556793483716
5335	195.11543638753386
3480	194.08347360765868
9518	192.5483810458346
6714	190.86242608085638
13649	190.0150136382628
58492	187.64553232710796
6624	187.50441664324165
1312	185.09722873608172
110157	184.289624873268
54704	184.289624873268
3329	183.2607713528184
10576	182.45646780633814
4089	177.3893394105909
6595	176.69384941480567
92140	169.39992034685207
6423	164.80720380755062
4318	164.67355912178854
887	162.1940476911553
8549	157.3365086739328
4255	155.2056937657275
9447	155.1347200383714
999	154.63329604543722
2796	152.28899917321982
1269	152.2379964781843
1268	152.2379964781843
4586	147.03218847167295
2146	144.29884532351917
202	144.00959031905427
3664	138.67005992466144
407975	138.18556959054075
4287	137.5295708009463
4858	137.5295708009463
1028	137.3497771300237
3091	132.53046067876403
406937	130.90161811432696
2324	130.8423638280221
116562	129.94092933188514
2057	129.62445116773026
958	128.64482170855368
5524	127.44805530658125
2056	126.62808431515768
2098	126.52720513687056
4922	126.52720513687056
1024	126.03236118447829
578	124.69672398513002
8324	124.2754308888138
22059	123.45190060241053
6876	120.37628552389171
285	120.32785130589872
7162	119.91504604673162
1010	119.62947697042536
119391	119.17403047492357
5728	118.39661100653267
8929	118.2754308888138
9446	118.2754308888138
2572	118.2754308888138
2257	118.2754308888138
324	117.77248960127633
4004	117.13665100320087
406952	115.7536901965726
114793	115.37367531910802
2264	114.46658478684895
2012	112.87886065905832
3172	112.65550102926399
378938	112.45561973988289
11799	110.05608232310551
5879	108.57270595539697
637	108.27306522473809
55626	108.132625042244
21413	107.86247767102786
6405	107.33674159669555
9255	107.27306522473809
18033	107.27306522473809
6359	106.21923597932158
11200	106.11117814332263
7048	105.49386767890026
4843	104.3141898279497
55294	104.08885276333491
10763	102.76071408621857
8842	102.62848450580982
3934	102.539188429266
6469	102.43996922438347
406958	101.93652971941886
942	101.39976850588646
12550	101.03127376225076
56994	100.18955292219474
27113	99.02129097668131
11747	99.02129097668131
5788	99.02129097668131
23552	98.97444629606007
5300	98.82848168387913
1434	98.13272102252873
406947	97.29372333399913
6779	96.2706995606624
7096	96.2706995606624
4826	96.2706995606624
554210	95.99045026475879
407009	95.40091175250598
472	95.38569711342468
8824	94.76899383202762
79923	94.74403334741021
1230	94.55026607930328
23253	93.99966945944607
51176	93.97242047220136
5901	93.77987436260715
78996	93.60752488127582
6776	93.60232482633045
22846	93.40473095758958
3779	93.17802194691663
5734	92.58922940227257
2305	92.56183784815238
6597	92.41773368078542
10810	92.36648574473854
1950	91.93548215252365
301	91.78989741521221
406967	91.76951672862454
57805	91.7461312089189
5976	91.42441944672429
3248	91.04470471729272
8434	90.43127967807857
1910	90.11144994046359
7306	90.0189253126056
5925	89.20493957681619
4904	87.41909509284035
6717	87.31916951217335
406928	86.97158300542145
693177	86.8091256399156
2810	85.65823160428293
6899	85.55279340133994
596	85.19676700487796
9519	85.16478118547846
6774	84.26368900265004
896	83.95387397237484
2597	83.69731325027232
10808	83.59240822225355
6370	83.46516841275206
10075	83.34031447372092
442908	82.51774248056776
8737	82.51774248056776
10803	82.51774248056776
7852	74.77953452997359
4524	73.04001639291172
4316	71.24932901044349
3630	69.47633371447478
4313	66.31819615860482
9370	65.38182934598453
10	58.42754424204923
1806	58.03573163900036
960	54.946552713831004
7040	54.25388809152385
7099	50.69426621675237
1401	50.006353021005644
581	46.783860185422846
5243	45.94798255958589
5468	45.411274591326325
7694	44.83828822516535
7421	43.11599543453836
3481	41.184838288524226
3952	40.38649843754477
2944	40.01046461897701
3576	39.54726952530313
2272	37.639680134043815
13176	36.61827414406643
6925	35.406968908393175
4193	34.01464123075106
3559	33.39759802361925
2520	32.87432995613028
4583	32.45746266588897
2100	32.04420019025724
356	31.904353008764364
6275	31.195749352699384
598	31.08176916082752
3486	30.107972262147058
54658	29.712668177958463
864	29.438131365673406
10178	28.950146917380938
841	28.0497519907331
2952	27.66311815034853
1543	27.20569603609423
2950	27.101821329337117
7517	27.09258255859554
100508689	26.521162348942656
246	26.44391940415594
7124	26.213717568264414
3586	26.110781800743727
4851	25.918708778608103
4830	25.687921853472027
6615	25.061799650942593
7515	24.9862682377922
5111	24.935151484089758
6623	24.921043696988995
1544	24.339237760957563
7161	24.29125932232761
1490	23.940691634750053
6387	23.922764419063164
7015	23.87150050401214
4582	23.81433765064163
4311	22.738454915542153
9232	22.63030129157065
4312	22.46969669051917
1235	22.027588279450747
1728	21.544482529765453
21977	21.541058141064404
10413	21.123743386525415
3146	21.1182731862109
3605	21.0260080540965
648	20.687782407166758
3815	20.5646245948269
3791	20.54657441831999
3912	20.2147663684702
407006	20.154746215732004
4756	19.932084776882853
7372	19.729410018708542
4953	19.628562848231144
56729	19.60546369633217
5467	19.10119653042354
3429	19.08810442126876
4092	19.04836374225774
1890	18.763260844538983
1571	18.66313152310873
4968	18.567848694580128
9076	18.285193398636917
64127	18.213493288890056
5054	18.022139562940428
4915	18.021491379187175
56717,21977	17.603577496263448
11789	17.45767184661055
50943	17.268233044568056
6690	17.253869539341327
51094	16.90831722819398
2067	16.741555226273352
100133941	16.73217015228841
3371	16.707749168366448
23405	16.570801153072303
3958	16.50789243546842
2065	16.366711663190998
6422	16.234196315720617
6935	16.230962819138355
83998	16.045116354359166
23314	15.936473116059172
5347	15.61485103390045
406935	15.513324173682255
836	15.43791758574666
2922	15.410514745776908
5268	15.386246828911956
5328	15.343446209350821
3490	15.199457381340435
57447	15.141266289560669
1509	15.117775837557222
5329	15.016201688983694
331	14.7384579553291
11186	14.718065958019627
51561	14.55845125112705
23411	14.507422868605891
6277	14.502512953659298
3383	14.496476780543516
6657	14.445766092139124
9973	14.404281094816776
2194	14.353662993185127
80381	14.32261844231421
24525	14.307400166391963
407040	14.232327802575258
7516	14.18168234225146
5655	14.164655005166633
780897	14.114168801413715
1559	14.056048392188583
5970	13.926250850621692
374	13.924223623480804
5716	13.891076828647181
7077	13.80276094609625
6374	13.777384821084137
6347	13.755828101722583
111518	13.729753609997807
406973	13.65586075912195
3280	13.572845136391596
5653	13.567608085360986
4790	13.531397795174115
891	13.326175215545753
664	13.277955762777372
339488	13.176411476926218
9547	13.167064959074224
706	13.114081135706263
7430	13.087869509814249
23600	13.054163427236228
406913	13.03554031093016
6382	12.98441736800451
12560	12.952653636481356
1027	12.914125812001416
216	12.908523600196421
7913	12.856502742150042
1012	12.779442052093769
5037	12.750273275966153
3315	12.747574520172877
10631	12.714186774943213
51754	12.712623747892781
348	12.656542042551365
1364	12.634385429150948
11082	12.6274825872836
317	12.600230848673187
4602	12.564607945694998
467	12.506319820384789
6364	12.463951431407224
1786	12.432929900852358
1044	12.41998962514383
3397	12.377989532417297
17246	12.300798262066525
1545	12.265929202563488
6648	12.232187630958997
27030	12.202140458046555
246691	11.974917475524016
723830	11.911045869035632
4314	11.888355037882295
4437	11.882402822109485
65009	11.850114038886167
7039	11.795648499779853
23326	11.742427476094871
407008	11.666974930065376
5670	11.565257237194155
9	11.51793914142542
8678	11.501993026867716
627	11.466103089847785
9423	11.437722761389335
3814	11.37820901397796
2833	11.371811291110934
346389	11.36389676417152
4869	11.329751854004833
3921	11.286803449781804
3553	11.260856117566082
9353	11.257397783155685
51129	11.115561020712478
842	11.100118759821662
9575	11.053812461311152
5688	11.048118904374592
4751	10.996189175198074
6786	10.985434017246048
4552	10.91236012630065
22943	10.89840449501518
2052	10.830447719499286
5265	10.81798880670925
5378	10.765199575422892
22906	10.761665566192548
18706	10.753939549419615
397	10.698228225775832
174	10.690685259665893
3956	10.652717034147472
4322	10.58996582351076
7046	10.440603990394562
7078	10.434937457086075
9429	10.413576429929323
6401	10.39939016761961
7057	10.390506467240863
406931	10.36222107264733
1906	10.268366449337892
6279	10.225506449190922
328	10.186839890515524
23028	10.105774062546384
406985	10.093942155904312
1846	10.05905765202997
6502	10.046379448505762
1084	10.03108752173995
2932	9.996345415944877
1351	9.959639346950294
4836	9.95810181640265
2919	9.906543402662678
4170	9.895825067840436
925	9.891750130703784
8313	9.885003106665991
6929	9.74870953617352
5175	9.740890054946757
406899	9.734689077820025
51196	9.698794867451204
22339	9.67499442477892
19225	9.626988581476818
3620	9.620572149811643
382056	9.6132835449847
3439	9.588788790329408
84432	9.563627074150158
929	9.559650162736917
406892	9.557035907268997
6767	9.53037862711377
3880	9.499640485330183
2697	9.477760504332005
1316	9.397880997003224
23030	9.373874020820022
9314	9.331745691057066
3925	9.29099114765453
2017	9.29001583380851
3927	9.273985651171403
2185	9.231387739726259
7001	9.202407918147859
142	9.159573460109907
8314	9.150648399712772
8289	9.096792482311466
5315	9.053158316320962
8863	9.046139832732411
2706	9.04121070904417
6591	8.982431693643928
8741	8.897378359591045
5228	8.893708695637914
768	8.885637959458455
4070	8.882245480459233
3309	8.867285114688725
1874	8.861745728098274
5420	8.860942001302632
1612	8.857446045234498
70356	8.746507435625068
3133	8.728047646078462
29128	8.723774850149384
4159	8.713320149287046
1493	8.670515911587145
2335	8.664434764626138
10445	8.659082765849014
10630	8.64327995644334
5742	8.605360557560791
4015	8.60010374004262
4323	8.594424619344979
6480	8.583535729688633
4087	8.55521102248365
4739	8.511235780924807
7291	8.50286830547578
1440	8.462167406720667
2191	8.425006016062259
699	8.395505962988079
80198	8.376934081462466
57144	8.356984492793302
27087	8.292242565873412
151648	8.287598931528821
8864	8.215767372119634
81839	8.196044779025716
1407	8.18751405834222
2261	8.167582634893542
9788	8.113032089566055
8493	8.10144307579504
406986	8.084485574971293
3667	8.08245369159491
5359	8.049065996579513
2925	8.037550569782276
968	8.03371417453767
3953	8.013072451827998
3491	8.001531668605482
2152	7.97821846774906
149233	7.948892039216199
57326	7.930740870908298
15218	7.900742755204794
6513	7.872077551848768
2113	7.8625178880533975
9112	7.829317118428422
6934	7.829001787465655
998	7.827350213419176
3732	7.823032569038457
1489	7.814180159144675
160728	7.810472738408904
6241	7.7973064935150616
214	7.789841485903739
406959	7.786733383417705
5460	7.7866717739724045
3627	7.778031250479028
6817	7.758555986051826
58191	7.756155558558092
4854	7.72449042484923
6647	7.718655178457875
10397	7.7179697806066025
5013	7.7086411854241845
406938	7.700304436863877
4853	7.694767678065308
27250	7.69420863892298
7474	7.690764344680952
693223	7.678121783831301
8651	7.667644788460073
6495	7.661844552179895
7345	7.640061622509048
1508	7.612800041247388
25805	7.6105255374341745
83667	7.604726719714892
56963	7.598935702721865
6578	7.595240580312544
407018	7.5874001500752755
599	7.583928058031357
4088	7.569786760185515
55937	7.568297669218073
4616	7.507296496080598
407007	7.490915120500743
8099,1017	7.483813830083806
6280	7.472856897744734
2277	7.428494371581359
3716	7.418878611981075
3566	7.383029449386389
6868	7.358784922801355
4060	7.347789793849273
80781	7.344717436727993
24329	7.322552201438487
6794	7.3116547349627
894	7.3069306815650705
390	7.300669707373848
7374	7.2857323651328105
406920	7.27629302002188
283	7.264728093150021
474	7.2531903971744836
1435	7.229250448286688
8633	7.2249411547305336
6510	7.209629892394033
9227	7.206684412426378
10456	7.158669118623156
125	7.142410459704246
8573	7.1324413035063055
51147	7.1318691112035175
56649	7.112907788268114
20848	7.107605371955517
3161	7.104747054775423
56208	7.095947833430926
8826	7.093061471664266
51341	7.087606218255135
92	7.05465123267315
10018	7.046981661346638
302	7.021447778387906
100750225	7.011393641843118
5621	7.010706645437842
4916	6.99913479226181
4907	6.9750649049848645
213	6.971531991679724
965	6.96260457423864
8243	6.940566445306991
2627	6.885816991232544
1234	6.881449697688522
10131	6.8668547838028005
1437	6.865827255911271
2984	6.85878781920626
9770	6.84381344811606
1591	6.7934254966400225
91607	6.772089055918125
11065	6.692560631304118
2063	6.6905146627983765
4588	6.672884286754746
4363	6.667918109703725
1969	6.642250392874158
406946	6.621086838686131
1800	6.601372067333795
2551	6.5819327326963775
7132	6.542002235682533
7184	6.538399363243124
10395	6.529906867765755
3159	6.52708890004235
4780	6.521504059993374
71409	6.520694532076743
3611	6.494552061776344
4615	6.442057635582738
80139	6.439595417893042
2050	6.438393831216578
7545	6.415910063801599
2547	6.403361761343632
4927	6.399976549179396
3603	6.389668990217526
10111	6.385769039085747
9075	6.343333722531652
9156	6.333408646116774
6256	6.332600863059145
8991	6.330484256221363
10643	6.329020395288272
6383	6.313240504391702
6678	6.30190768319866
10135	6.293126813694579
2224	6.28269756498816
1363	6.268833745966439
51311	6.25599629038723
3949	6.25599629038723
672,675	6.19497127301034
2260	6.186731814663979
9021	6.180617180180251
494324	6.157161001443213
7020	6.15687937161408
6198	6.1271743289876905
4846	6.124405019422596
7052	6.122314540375068
26585	6.113434030933989
2309	6.0926870119514565
5423	6.087218244944609
6093	6.05333839224645
7026	6.052287362650949
240	6.04075732856811
56852	6.026937045345901
6696	6.0
466	5.987923008543578
5984	5.986650814036693
29108	5.9864405479976215
17709	5.9861398929392875
3164	5.98572336948931
3897	5.983479018748216
2069	5.9558491861571055
6761	5.9307098802272336
57019	5.917434349089075
2244	5.900113479103254
79444	5.89437841533381
649	5.863058806209388
6608	5.861131463556735
10641	5.8454223543736505
6091	5.828159433944047
11047	5.807898323784526
11216	5.806039304613935
3589	5.799587517618427
2033	5.795145636887667
2294	5.794718450244706
1460	5.774027200260138
5997	5.771216765793232
4282	5.75780406510049
2066	5.7480416927532705
1894	5.743725122659353
857	5.686097837856014
3624	5.674033206773236
5650	5.673787375791246
8277	5.673040139640377
406982	5.671359946970932
5295	5.668053076233299
9365	5.667057950539903
7911	5.666948396082134
2202	5.624114310215586
7035	5.623999024758749
573	5.615902995591664
8202	5.611884214164519
3065	5.610700933388156
7031	5.609937652152754
10049	5.609012827970239
100346189	5.604051425700312
101	5.574212411303517
8614	5.560848058337714
5345	5.555929538083006
23452	5.537982124664785
3068	5.5376808060429115
6938	5.531101518985178
494327	5.527974761709497
1036	5.5257087544252546
10551	5.506038713204167
8828	5.485762568078652
407014	5.478244628333997
7939	5.476845797875408
56616	5.465512018023178
6366	5.462420719362871
1958	5.436768612098483
338377	5.426103899044831
7010	5.419680311469038
1191	5.418770206860648
89795	5.418402120756409
7703	5.417794622563253
80864	5.4023982303603795
8840	5.387949221781813
6596	5.387092053217808
3557	5.386624760178918
4052	5.385009396515054
2735	5.377551879253391
6363	5.370098511431937
920	5.367921833705262
2247	5.366616070010349
30848	5.357727628421425
6098	5.35639800380441
407053	5.350972561507961
5888	5.335854119671345
2633	5.300306307413438
2934	5.2996373100070056
406	5.295565380171389
407041	5.276919399238638
64946	5.257604978990227
55165	5.252729143362222
5764	5.252287165815149
54905	5.251121022861197
320	5.236703219815775
321	5.236703219815775
682	5.2328154315615345
29968	5.209453439429783
24144	5.206048585097606
7150	5.194354619141738
412	5.177901898882186
133	5.174865319701598
5921	5.174456992129093
5005	5.169069129066621
4521	5.154155249897233
200958	5.142595222793198
51573	5.142507177517218
7082	5.1256423535371844
5885	5.1176165716831035
1236	5.1176165716831035
10103	5.115540313395233
100507436	5.112408577188292
3596	5.107123311256498
55353	5.101176209745197
688	5.096120240207218
6446	5.087198098860885
7103	5.086101216895904
5594,5595	5.08506027940972
7097	5.076358211872077
7414	5.072768799159286
6722	5.058491758990139
2041	5.054315641138524
11080	5.049493174266364
3574	5.045428240898631
2022	5.015165330942959
1500	5.013813840122983
6788	5.012975956966183
2690	5.0129425843578685
3621	4.999680854275434
10657	4.995997356808964
7490	4.995114360416153
2168	4.994129195640357
4734	4.992846184284042
9536	4.983479018748216
79602	4.974670670752399
6356	4.948280037586084
9122	4.934218083217348
80196	4.925892281318969
362	4.923905641268009
3757	4.915848372553787
2274	4.914907922157589
12	4.905372104280588
8837	4.904486273377832
909	4.900021824227465
4976	4.891341921553522
7405	4.884189540461364
343	4.884115271165475
114783	4.874439518759979
3156	4.862729636118209
10071	4.860995937934297
208	4.857089139618055
23409	4.852192157330512
54205	4.847625160745966
18208	4.842811283032631
64374	4.842771151385533
1820	4.83486869817815
780	4.827152877846698
93953	4.801427031605592
6445	4.801427031605592
25311	4.801427031605592
13179	4.801208972916341
109880	4.793466068557757
2042	4.781682789080141
10894	4.77718838307939
5291	4.77710328657499
2688	4.775436912867652
8312	4.775128917875543
91010	4.762406005088799
76187	4.749186040135943
51079	4.7470742117582265
5396	4.74621246978186
3456	4.744424493110428
1586	4.741370737495302
890	4.739097962329679
83734	4.7371470227370995
5338	4.728717142285915
5641	4.712642119758677
225689	4.711677540221954
407052	4.700458506005893
6362	4.6813640842481465
23462	4.678143717404844
182	4.6658256547962464
2526	4.660534482643759
117581	4.659809697077156
3066	4.65874629095343
10223	4.651477971041917
89958	4.650336163212485
10987	4.6471825052396625
406903	4.645691304082208
387189	4.635293581333258
1432	4.632571374515733
81792	4.622937088335023
9344	4.609797737765215
28955	4.601318295816348
27121	4.589701645131857
84148	4.589283800829042
728239	4.5884260107003545
563	4.565973124132688
4684	4.559461624065127
10481	4.555739729921934
1111	4.537197889891372
7033	4.535717171674004
406975	4.531947590006578
5715	4.515748523213938
171577	4.508384138586118
4610	4.501870249703381
1366	4.501473046412986
1942	4.498234380053856
693215	4.487306767778454
6117	4.483326947431844
572	4.479788354405389
27161	4.478074173957119
3651	4.475442649411623
1869	4.474543851886434
574501	4.44980021769304
407037	4.447876751584345
2348	4.442057635582738
3717	4.4401852286557375
5770	4.4355585933986434
57332	4.428172498958511
83595	4.414256160679104
5604,5605	4.401924205984902
442891	4.3931415119607236
14160	4.3854268916835695
3565	4.3800865504088815
1789	4.353633411584318
7367	4.326936146377344
118856	4.3262690299168
95	4.31067813397226
81528	4.3088617485829115
1656	4.298288802497774
2045	4.292756188222357
8742	4.290767827905045
406921	4.283702416533535
1604	4.264132875631245
3960	4.257355779261063
7707	4.256498477745427
57575	4.251350613816764
54894	4.249759608855949
94025	4.246102441302494
4485	4.243360961981342
226442	4.235233143366207
957	4.235233143366207
6267	4.235233143366207
1960	4.231679101567577
3190	4.225540552766471
7472	4.223623060811988
5629	4.223285508955953
5732	4.215153346063162
406993	4.2022563930866275
5159	4.190340480308146
3485	4.18951616773172
6667	4.169070316628301
1588	4.161525002896391
1645	4.160381045275323
10663	4.1547643759148265
2744	4.138516818835874
4913	4.135653232975305
1485	4.135350499378024
388112	4.130559156040972
4512	4.124087863862037
4153	4.124006454916681
7023	4.119447562528817
2034	4.1176165716831035
5308	4.114232538324156
407021	4.101756381579997
442917	4.101463791499091
652	4.100264269221526
84557	4.094404574942515
79977	4.094231051977464
57414	4.077424868846194
948	4.071707723802749
51208	4.069481955224356
252969	4.059515998661051
3105	4.052309594764816
5618	4.047068051657648
3551	4.040449267890514
8661	4.03819676292199
8660	4.0279690858886745
634	4.022879830478398
11073	4.016736671011764
55183	4.016736671011764
9735	4.016736671011764
30817	4.015307039731315
8099	4.0
10190	4.0
16453	4.0
6520	4.0
57026	3.9935945257015915
29122	3.9895570646522285
3932	3.9889256513657623
54463	3.9844139439806803
1687	3.9834790187482167
8745	3.9834790187482167
9474	3.9790661236928706
54577	3.975237897261242
6281	3.974036851845968
575	3.959508633494974
7361	3.9584156969933106
157310	3.9487706615790428
51285	3.9457964145656694
406941	3.9251442226393083
79784	3.9225850731051013
59340	3.917434349089075
7056	3.916863805339642
387155	3.9145622972158507
7980	3.8985924822083526
57007	3.8846749951464554
8607	3.8796805438465283
9855	3.8650357314735526
4733	3.8633628701925424
10735	3.851965006436486
11337	3.8356395403421337
306	3.8335509573190527
5741	3.8288559553101686
26579	3.8257729612013724
407029	3.825620537280464
1017	3.8208064559116655
6598	3.8201291812068305
5873	3.8080047691989813
396	3.799908632895588
1602	3.7998529492195345
12591	3.785513904342152
16886	3.779221307142998
14179	3.778376918212066
5861	3.7611430137775663
1058	3.7611430137775663
10447	3.7595321464352063
6662	3.75380286337375
6403	3.736829476726446
28514	3.7311169867717733
8519	3.7226630193687678
406994	3.720107999645642
5743,4513	3.7195095580022923
4507	3.7186575387630922
10562	3.7161917271898335
2980	3.713499277087616
54739	3.708445968813385
406989	3.706924665335487
3552	3.7005039545500904
4929	3.695335656321765
57534	3.693064472990822
5817	3.68647727209178
22806	3.6858258986968844
65132	3.6858121454329615
7083	3.6857666669711278
407036	3.6854063913035393
15902	3.68322447957736
84687	3.6771018785616025
6850	3.6740153189923443
4680	3.6740013221877397
8317	3.673040139640377
3265	3.6711069707559827
4085	3.670312695729914
406983	3.6675956443669637
977	3.6525850588675866
27122	3.6525121762121544
406966	3.6502420332079364
5981	3.644178533901697
901	3.64079329888318
11199	3.6381177204859645
17979	3.63542700147395
4440	3.627927762071209
3077	3.6239553331256342
51083	3.6157056838807877
81930	3.6039116211808553
10549	3.6003440965928295
6317	3.5989909643654965
5068	3.5989909643654965
4317	3.597984840106732
1901	3.595646954044128
6143	3.595646954044128
3135	3.5905814755085723
10928	3.57709022845466
238	3.573096742302666
219541	3.5709505732953817
4683	3.570224765788176
4536	3.5678735388051717
651	3.565985684949924
442904	3.547186308416843
9180	3.5022831668303525
7080	3.4963217303142953
3690	3.474685225087926
8503	3.471466043101448
406996	3.4712520748343665
406940	3.463576367981579
652995	3.4603059986272307
57379	3.4586332911946904
2051	3.4574029144577887
1855	3.4460094185269865
22919	3.4437347857871776
4257	3.442169740895567
406942	3.4393781484751105
3376	3.438239270023657
900	3.4334751436465982
6855	3.430764970670431
4254	3.4306713765718886
406979	3.4244393933629156
60	3.420419346534297
10280	3.4195673255165393
4585	3.417499903176043
6494	3.41422899216919
20230	3.4016612769231074
91768	3.398037187168065
137872	3.39160548634208
3875	3.3909174000740174
90865	3.3888150841267946
163786	3.3848687985704418
23492	3.3819151027942818
4163	3.380945877882975
143662	3.380800228955927
28234	3.3714790598785216
10193	3.3683455848101076
2157	3.359229226192305
6400	3.3515543785352966
8836	3.3514923950811455
239	3.3396353646454986
4982	3.33834929359775
11122	3.329253975530006
2638	3.3242507315783194
9475	3.318812311832707
10553	3.3107665920977523
574456	3.3090275656196906
7543	3.3045501422226664
641	3.295157341285977
146	3.286193396034217
9368	3.283141936294988
11004	3.2767866400047456
11009	3.2724580980966635
3636	3.2700091557543747
6775	3.2584507839184758
839	3.2574083688204993
644943	3.255802084267299
5346	3.2556270640248943
727897	3.253224201067558
2990	3.2510551108824215
6863	3.239449546748024
100302137	3.232514614397855
14235	3.2246865000250056
6523	3.2236230608119887
79888	3.2236230608119887
3628	3.2236230608119887
147719	3.2232855089559527
8739	3.218277954010282
7518	3.2104114218170254
5983	3.20212089831896
10761	3.2015897820179435
5519	3.1975528003437423
1445	3.192287645784379
23671	3.191293908088256
4923	3.1866307213581706
4535	3.185909105108755
7412	3.181745701897565
5321	3.1675024674972976
6462	3.1632292148456624
5270	3.162587490470841
28996	3.1584463775234406
406971	3.153031051211446
4926	3.136336801482276
79661	3.1356532329753053
4350	3.1356532329753053
5156	3.1312173267520995
1594	3.1308026308896353
6692	3.1278160010712437
912	3.1270331589991587
23643	3.1240878638620377
17075	3.1176165716831035
5366	3.1176165716831035
51364	3.1102651294136177
13433	3.108776538989449
7905	3.101393031483441
4771	3.100330724095592
21803	3.0976691544345334
5594	3.0943099717243694
9266	3.0863441125603757
5176	3.0852673614224333
10875	3.082654619745027
1994	3.074665741685786
1027,3429	3.07374117181913
9510	3.073535347454346
57620	3.0667658324606473
55143	3.066195288711214
55662	3.063908000535622
5422	3.0567293730004623
10006	3.054898103765965
53904	3.0381285857408247
6376	3.0359125081680802
396061	3.0350509207721785
6354	3.0190991575586357
3590	3.0129425843578685
1441	3.0129425843578685
23091	3.0125525032588234
55655	3.0125525032588234
2214	3.0085688244757307
57817	3.0064712921789343
84519	3.0064712921789343
51029	3.0064712921789343
1525	3.0010733095483104
11045	3.0003811018801008
3014	3.0
3570	3.0
10957	3.0
4482	3.0
8856	3.0
255877	2.9990655485084385
57291	2.9958045099215243
7014	2.992100090774861
283149	2.9915342842204735
9308	2.9899255587540186
58508	2.988600697586061
2650	2.9877130313074733
75388	2.9875522222864723
92912	2.9834790187482167
4194	2.9834790187482167
100151750	2.9834790187482167
2200	2.9834790187482167
57410	2.9802323620801787
2624	2.9802323620801787
3217	2.973577030412197
7450	2.9698043532375156
22601	2.9667847575701605
5978	2.9585271487642926
51497	2.956982736293925
124220	2.953625353003328
633	2.9524418849896756
5908	2.9504598761633734
10979	2.950076089957461
7471	2.9459705928107414
5972	2.9401885648362596
3579	2.931514409917412
1788	2.9266843222521217
7153	2.9238627656857457
57016	2.9229134535623214
7481	2.9198479846285954
6095	2.917434349089075
7042	2.917434349089075
4802	2.917434349089075
9846	2.908270226380658
10984	2.906923032597574
406936	2.897237734838942
66102	2.894810706430466
284	2.8919411856214827
12387	2.877087113985432
4249	2.876294610413109
14234	2.8754992421301235
1163	2.8674575377568337
9271	2.8580620310582647
5241	2.84204429982827
55585	2.832970946803826
338413	2.8260084604285955
1601	2.825707052774378
406997	2.8237470629926493
1301	2.822571993153156
374907	2.819712673648024
8771	2.8195391950272954
3606	2.808125348059161
3098	2.7985587981990427
1825	2.7966964622212878
4192	2.7948857867026886
3219	2.7836654269262966
26018	2.7833962893724786
5310	2.7833612763542925
693188	2.7818980404640268
10910	2.780073475919409
2821	2.775175154722472
18007	2.768525158642536
8761	2.7676342060513455
976	2.759667529472527
51100	2.7595321464352063
60489	2.75788267044702
2308	2.750591416018925
7295	2.748581552372155
5591	2.7481608651571476
4303	2.746442172224531
12575	2.7078505857796196
10451	2.706958078619503
655	2.7055027392459476
140462	2.7055027392459476
50616	2.700303172346947
25544	2.6996545379445007
2172	2.6950998956750176
253260	2.6878894707252057
5562	2.6786333247015195
6778	2.676531334812169
231	2.676531334812169
406987	2.6741261182317944
8817	2.67336906199894
11699	2.672045999115955
5155	2.6679994335541193
29117	2.667595644366964
862	2.6673339897929615
941	2.665595214246223
55829	2.663401616348469
5874	2.6594061559163533
10220	2.6594061559163533
5203	2.6594061559163533
9397	2.654902718099744
54556	2.6525121762121544
7098	2.647095481908597
4313,4318	2.645673797867995
5358	2.6448712958256615
2529	2.6420734991115133
3959	2.639644127581213
4435	2.639638517996532
3688	2.6322698991673854
6909	2.6204341539892315
1452	2.6120570812575403
29071	2.611811530405994
57650	2.611811530405994
54487	2.6094633271248417
5307	2.606515743361471
1495	2.6047267197148916
6737	2.6047267197148916
1087	2.6047267197148916
4149	2.6047267197148916
89782	2.6047267197148916
9097	2.6047267197148916
6470	2.6047267197148916
5196	2.6047267197148916
10278	2.6047267197148916
2161	2.6047267197148916
7051	2.6047267197148916
10521	2.6047267197148916
8841	2.6047267197148916
1804	2.6047267197148916
196	2.6047267197148916
4942	2.6047267197148916
3827	2.6034403082929316
56547	2.6019693824052132
112399	2.5953430212909767
12389	2.59275136862517
7251	2.592043892486173
84823	2.591466348825447
22914	2.5842443893360874
340419	2.5829715879458273
5340	2.581141072643727
19	2.5775581945033705
79884	2.5714241064148533
489	2.5709066955102164
11450	2.565857110221746
10257	2.5653772286286567
81831	2.559136615715323
8437	2.5548516547859506
7037	2.5439247424197045
4792	2.543743572416081
55743	2.537567332594466
9531	2.5361297304029886
1179	2.5320074854476515
3312	2.5286753357456364
338557	2.5248029399820284
4067	2.5225203995058676
10014	2.5138173833568844
27327	2.5080914204113487
5444	2.5051273876823497
3337	2.4933801102692232
112744	2.4912527699943765
1548	2.488106140819103
26471	2.4854282145228437
9798	2.48197814906951
2908	2.476566331340348
1381	2.476566331340348
10309	2.4745573195509207
721	2.4659965136945288
1081	2.464696611263019
10855	2.4558991297268937
100507056	2.4541548786036715
4264	2.4420576355827377
11197	2.4414616022387055
18708	2.4401299049124727
4176	2.4365945389957435
3725	2.4361435405414307
442909	2.434566219082704
8703	2.4343835235591507
84451	2.4258381580548574
54798	2.422289997662916
5089	2.4206129418147215
55818	2.4189383023515596
9245	2.4151385756124695
116135	2.412120228520005
283120	2.4010213769156974
26195	2.400713515802796
569360	2.400713515802796
5897	2.400713515802796
5430	2.400713515802796
55502	2.400713515802796
250	2.400713515802796
22152	2.400713515802796
54626	2.400713515802796
17210	2.400713515802796
80010	2.400713515802796
23082	2.400713515802796
9,10	2.400713515802796
57801	2.400713515802796
25859	2.400713515802796
314	2.400713515802796
56996	2.400713515802796
354	2.400713515802796
404663	2.400713515802796
49	2.400713515802796
2981	2.400713515802796
90249,219699	2.400713515802796
4709	2.400713515802796
2554	2.400713515802796
80304	2.400713515802796
100126333	2.400713515802796
10866	2.400713515802796
4321	2.400713515802796
7832	2.400713515802796
13508	2.400713515802796
16450,16409	2.400713515802796
59269	2.400713515802796
25886	2.400713515802796
3908	2.400713515802796
55714	2.400713515802796
4807	2.400713515802796
57628	2.400713515802796
378529	2.400713515802796
90249,219699,8633	2.400713515802796
7971	2.400713515802796
10599	2.400713515802796
5348	2.400713515802796
7031,5663	2.400713515802796
256536	2.400713515802796
7145	2.400713515802796
175	2.400713515802796
56259	2.400713515802796
79365	2.400713515802796
26011	2.400713515802796
3702	2.3992705763225235
5435	2.3976225370686213
12981	2.3965548971254003
1611	2.3955492395418876
197	2.39095634085829
23327	2.390038324819656
10891	2.3890056651533564
64122	2.378889873313665
20683	2.378889873313665
54997	2.375039569524652
56848	2.3749390615542367
3562	2.374089439806804
5727	2.3601636451307053
58155	2.359778124579874
7357	2.3593086640117376
7024	2.359308664011737
442901	2.3564254490854
3342	2.3550815392057465
4852	2.3520482768042683
847	2.3515461045203523
1003	2.3514035632048276
6334	2.3365238910268293
4718	2.3365238910268293
1284	2.3249454955774658
110750	2.3182596717969557
136	2.3155340496642487
56710	2.3052958661156664
3324	2.3025376313159276
6274	2.2852459919288153
5605,5604	2.2843912135491253
10507	2.28423213539792
8850	2.2755701858915027
5515	2.2736900346579962
4171	2.2735101133936855
1636	2.2735081083154287
3303	2.2710011178412666
3175	2.2707009987560487
3592	2.2617703092307617
5465	2.2542908545213893
2212	2.2540663179983174
3780	2.253224201067558
1113	2.253224201067558
12048	2.253224201067558
6926	2.253224201067558
2192	2.253224201067558
21926	2.248818602206123
9480	2.245784754702377
10399	2.244482595471443
57531	2.238399070122307
4983	2.2322456843952256
717	2.2211983097417365
1395	2.2211006700586413
54490	2.2192517703300996
26225	2.218542771631676
5327	2.2182188838862302
2641	2.2025467319831633
11171	2.201223976695764
55054	2.2006620546933364
191	2.1858113826178878
5411	2.1789286695655035
5090	2.1723832264998695
4320	2.1723832264998695
134145	2.1682619455134144
693210	2.153409432079872
94234	2.149331483371572
9073	2.149331483371572
56603	2.149331483371572
17863	2.149331483371572
26465	2.149331483371572
11214	2.148598613282628
26121	2.1466161033704645
17002	2.144966627382278
6997	2.1442480413734417
51284	2.140489123715164
9971	2.140489123715164
8878	2.140489123715164
10383	2.131084320605913
643	2.1270331589991587
3002	2.1270331589991587
5625	2.1237305426568307
244650	2.1176165716831035
15894	2.1176165716831035
18526	2.1176165716831035
23081	2.1176165716831035
3398	2.1176165716831035
19122	2.1176165716831035
12505	2.1176165716831035
75605	2.1176165716831035
115286	2.1176165716831035
13	2.1176165716831035
56052	2.1176165716831035
4758	2.1176165716831035
7803	2.1176165716831035
98432	2.1176165716831035
11331	2.1176165716831035
6280,6279,6271	2.1176165716831035
134265	2.1176165716831035
940	2.1176165716831035
20393	2.1176165716831035
338412	2.1176165716831035
93672	2.1176165716831035
93659	2.1176165716831035
50975	2.1176165716831035
4654	2.114066154127361
332	2.1135867370845602
11839	2.10907758933283
22944	2.1036784822360115
4082	2.1018608807703227
574460	2.100153943724407
14151	2.095688697919181
5550	2.094404574942515
118471	2.0881460546888055
262	2.0829264911049297
9133	2.074665741685786
55366	2.074665741685786
6590	2.074665741685786
3987	2.074665741685786
6238	2.074665741685786
2101	2.073401528202507
27101	2.067710660132888
17295	2.0675765288248806
73250	2.0654997235026116
2626,140628	2.0579234728042395
6566	2.0579234728042395
1051	2.0553718639220495
11168	2.051280221980146
85458	2.051280221980146
59086	2.0478443489595906
9891	2.0478443489595906
9262	2.0477617262764274
1164	2.043817124516507
51547	2.039950560042281
256646	2.0341001450304015
64710	2.0272177987560935
1557	2.0256327451089273
6352	2.023304713287104
29102	2.020380686587666
76856	2.019965571138898
6934,6932	2.0179572538082766
13867	2.0179572538082766
3454	2.0165100253811516
78412	2.0162967182592997
18227	2.0121950421828454
407042	2.0117951693337424
23512	2.010978964165896
57188	2.0106554599318756
1512	2.0091576103048565
2778	2.008368335505882
3290	2.0064712921789343
3083	2.0064712921789343
545	2.004184167752941
60681	2.0001127627560296
2323	2.0
2346	2.0
604	2.0
4543	2.0
4102	2.0
79924	2.0
1089	2.0
60495	2.0
79901	2.0
14173	2.0
79075	2.0
5933	2.0
17386	2.0
79679	2.0
5170	2.0
1674	2.0
7097,7099	2.0
55740	2.0
28987	2.0
51305	2.0
7058	2.0
406933	2.0
4839	2.0
2692	2.0
23434	2.0
10125	2.0
54583	2.0
2719	2.0
2765	2.0
64292	1.9977807415632696
56913	1.9921000907748614
2118	1.991529547025428
29072	1.9844165298331196
11221	1.9842001586958624
3756	1.9830857724732942
27179	1.9830857724732942
3266	1.9802323620801787
23067	1.9802323620801787
15361	1.9671363650315543
10902	1.963963946665028
5245	1.9604647241603572
10123	1.9595086334949738
197358	1.9595086334949738
442890	1.9568468423745387
55775	1.9560132756589295
27043	1.955468597143416
55384	1.9538972243632309
3600	1.95322896058872
6503	1.952603161569316
7976	1.9524418849896756
2953	1.949605152152315
100885775	1.9459705928107414
5915	1.9459705928107414
7423	1.9459705928107414
51477	1.9459705928107414
51141	1.936171910577566
3240	1.9331720695661216
993	1.9240404124786568
6424	1.9181804425982567
20200	1.9174343490890753
11343	1.9174343490890753
8839	1.9174343490890753
4920	1.9168638053396418
84634	1.9157301371398037
8000	1.9151595933903702
16193	1.9128864806006862
488	1.905636663846666
20186	1.896931983484432
4361	1.896931983484432
2965	1.8864799936887784
650	1.8853391493904552
114479	1.8853391493904552
15505	1.8853391493904552
2619	1.884664488753708
407050	1.883826159621476
2668	1.8827659025920433
6693	1.8769429825840493
8091	1.876294610413109
219595	1.876294610413109
407010	1.8697130109373743
407030	1.864860281273372
659	1.8618038229002103
931	1.8613848404010325
4613	1.8570170106127342
57403	1.8505899112818973
84700	1.8477255313714918
406962	1.8463358203135156
6361	1.8348686981781506
6367	1.8348686981781506
3784	1.8348686981781506
308	1.8348686981781506
22796	1.8337276106792835
9219	1.8337276106792835
56477	1.8335125503087653
3718	1.8329336746377134
4629	1.8318054643368522
6303	1.8317632075565249
6421	1.8312841986495272
5898,5899	1.8264360290581232
63955	1.8216636132406039
754	1.8216636132406039
5154	1.8216636132406039
7013	1.8216636132406039
57604	1.8216636132406039
1813	1.8208677812038847
567	1.8198767945723466
5531	1.819712673648024
7704	1.819712673648024
56938	1.819712673648024
5349	1.819712673648024
84329	1.819712673648024
6581	1.8161691981931634
115761	1.8160339351988437
83990	1.8089974752996838
2255	1.805030090377977
123	1.805030090377977
2068	1.7971991722195368
26246	1.7971991722195368
509	1.7971991722195368
687	1.7937948381799584
21780	1.7917103796596203
11339	1.7869008052901232
1902	1.7836596752583243
6829	1.7836596752583243
9170	1.7836596752583243
2903	1.7833962893724786
6282	1.7818461901697629
3106	1.7810110519937106
6416	1.77718838307939
5652	1.77718838307939
6642	1.77718838307939
535	1.77718838307939
55884	1.77718838307939
2494	1.7761555716510813
9994	1.7745097857168708
8794	1.768542585963898
358	1.7656832664587656
360	1.7656832664587656
64073	1.7637380072182423
8897	1.7609490500015457
23032	1.7598310774275934
406988	1.7598310774275934
5414	1.759667529472527
759	1.759667529472527
3859	1.759667529472527
3400	1.759667529472527
3998	1.759667529472527
1398	1.759667529472527
7137	1.759667529472527
2736	1.759667529472527
34529	1.7595321464352063
5080	1.7561784584977482
6092	1.7523450329100887
9500	1.7501612952778887
1365	1.7488521132616972
53827	1.7481608651571476
9927	1.7471479013124256
407004	1.7470742117582265
8089	1.7373147873131791
55257	1.7318538545304345
2303	1.7314597008592167
2049	1.7302455086775907
3692	1.7287014572288943
55233	1.7287014572288943
399948	1.7211715792629247
64318	1.7211715792629247
100033819	1.7174424451240118
9564	1.7174424451240118
5784	1.7174424451240118
9306	1.717391303941994
329	1.7161917271898335
330	1.7161917271898335
5320	1.7010511487651359
159296,4824	1.6949369064574826
23705	1.6946227321684653
574032	1.694131457967889
84168	1.6928062074841934
6373	1.690113757381976
10892	1.681874719842414
983	1.6769664955242813
9848	1.6747464757866615
540	1.6730401396403771
10051	1.6719368555664889
2072	1.6670251006175305
2696	1.6670251006175305
406910	1.6657159186013388
875	1.6601934120860458
3090	1.6601934120860458
79577	1.6594061559163535
9805	1.6594061559163535
6932,3172	1.6594061559163535
6917	1.6594061559163535
6948	1.6594061559163535
3082	1.6594061559163535
9092	1.654902718099744
2695	1.6465804531571266
27074	1.6451439863063126
6447	1.6451439863063126
8398	1.6451439863063126
2219	1.6451439863063126
7764	1.6444039771377557
101867536	1.628760529667767
18131	1.6204341539892313
5339	1.6204341539892313
92,10097	1.6193958120284582
407027	1.617442487952934
4174	1.6118115304059943
8125	1.6118115304059943
7284	1.6118115304059943
84417	1.6118115304059943
767	1.6118115304059943
1655	1.6118115304059943
3872	1.6118115304059943
382985	1.6118115304059943
4831	1.6118115304059943
5725	1.6118115304059943
220988	1.6118115304059943
64321	1.6118115304059943
6652	1.6118115304059943
4478	1.6118115304059943
6273	1.6118115304059943
1831	1.6118115304059943
1387	1.6107009333881552
7432	1.6032829488038483
406953	1.6008733109104856
4319,4322,4314,4313,4318	1.5971175963980857
7415	1.5969690161139976
406909	1.595646954044128
945	1.595646954044128
3561	1.595646954044128
5979	1.595264804164726
574411	1.5951879335752126
152559	1.5914663488254468
4000	1.5900872085596536
115908	1.5894124462897699
12224	1.5875896763599167
7071	1.5795177008152512
1469	1.5792448200832303
4040	1.577595344095044
54749	1.5656079078942569
15439	1.5653772286286567
15458	1.5653772286286567
12557	1.5653772286286567
232345	1.5653772286286567
3889	1.5653772286286567
597	1.5653772286286567
1808	1.5645300293167368
5607	1.563692380339526
24147	1.5591366157153226
81567	1.5591366157153226
145264	1.55437676615878
25803	1.55437676615878
14051	1.55437676615878
406900	1.5476102756406247
9588	1.543956133457847
3106,3107,3105	1.5376989325285784
12822	1.5318334308723283
72935	1.5318334308723283
4853,4854	1.5318334308723283
657	1.528873505525309
3663	1.519279735201789
79727	1.519279735201789
5599,5601	1.519279735201789
20848,16193	1.519279735201789
5293	1.519279735201789
219699	1.5166856803571462
59079	1.5157653408940397
9739	1.5146052128587386
873	1.4990134085395859
55901	1.4984174190122146
8537	1.4977042265233942
1000	1.4963217303142953
473	1.4941484235164533
6159	1.4765709648043979
8239	1.4745438518864342
8766	1.4643525923469811
10524	1.4636605723655047
84525	1.451882564336096
19882	1.4476796926415398
14256	1.4476796926415398
1008	1.4420576355827375
3675	1.4420576355827375
3693	1.4420576355827375
4101	1.4420576355827375
84033	1.4420576355827375
113235	1.4420576355827375
9818	1.4420576355827375
217	1.4420576355827375
64403	1.4420576355827375
23080	1.4420576355827375
1583	1.4420576355827375
1577	1.4420576355827375
1576	1.4420576355827375
10297	1.4420576355827375
2939	1.4420576355827375
2938	1.4420576355827375
22821	1.4420576355827375
3038	1.4420576355827375
23258	1.4420576355827375
64750	1.4420576355827375
268934,14802	1.440483717026468
58492,7694	1.4398402719232641
834	1.4398402719232641
837	1.4398402719232641
7849	1.4398402719232641
170482	1.4398402719232641
78004	1.426998554175232
595,890	1.423382970527276
1082	1.423382970527276
84883	1.423382970527276
2150	1.4216539903019163
5507	1.4196600856871873
1001	1.4151593517198817
3297	1.4151593517198817
9173	1.4045573188181748
1803	1.4045573188181748
1984	1.3976225370686213
22827	1.372204518563684
16001	1.3705368993312295
6932	1.3705368993312295
83478	1.3705368993312295
64083	1.3694980666820877
147	1.3671578635833712
10614	1.3498272689722504
51399	1.3498272689722504
55783	1.3477897938492733
1824	1.3477897938492733
30968	1.3392576735103026
30008	1.3363983540051705
3645	1.3336200804940244
21672	1.3119975791889436
6351	1.3098054361994882
3451	1.291093929968067
93687	1.291093929968067
27401	1.2852459919288153
57045	1.2805479479056832
9201	1.2655377936188432
760	1.2648465455142939
1459	1.2450045356717243
3081	1.2450045356717243
406992	1.2408683079784626
27178	1.2339101679337234
3484	1.2339101679337234
3185	1.2154312761621
5920	1.2060604250047824
5055	1.1982774485627001
64405	1.1982774485627001
2004	1.1982774485627001
3405	1.1982774485627001
9833	1.193938032227995
1178	1.193938032227995
3466	1.1894449366568325
13000	1.1894449366568325
51309	1.1894449366568325
23433	1.1894449366568325
2739	1.1894449366568325
811	1.1775407696028732
5783	1.1775407696028732
3178	1.1775407696028732
4091	1.1775407696028732
3320	1.177509548853969
18128	1.1723832264998697
230099	1.1723832264998697
81537	1.1723832264998697
25937	1.1723832264998697
8050	1.1723832264998697
2177	1.1682619455134147
406904	1.1682619455134147
5029	1.154266040650799
10733	1.154266040650799
2475	1.154266040650799
358,362	1.154266040650799
84962	1.154266040650799
20201	1.154266040650799
7408	1.154266040650799
9223	1.154266040650799
2306	1.1534738196208396
54790	1.1534738196208396
1735	1.1534738196208396
20750	1.1534738196208396
23886	1.1534738196208396
8061	1.1534738196208396
64218	1.1514103601939687
2232	1.1514103601939687
79068	1.148598613282628
3563	1.148598613282628
3292	1.1404891237151642
1909,1906	1.1404891237151642
4601	1.1404891237151642
11124	1.1404891237151642
9194	1.1404891237151642
20317	1.1404891237151642
54106	1.1404891237151642
8453	1.1404891237151642
1843	1.1404891237151642
3615	1.1371198343463775
6323	1.1367540541577144
5354	1.1367540541577144
19016	1.1355005589206333
11021	1.1355005589206333
12985	1.1355005589206333
28936	1.1355005589206333
66826	1.1355005589206333
6280,6271	1.1355005589206333
79971	1.1353504993780243
4693	1.1353504993780243
53947	1.1353504993780243
7473	1.1353504993780243
8846	1.1353504993780243
69253	1.1310843206059131
10226	1.1270331589991587
1524	1.1270331589991587
693193	1.1270331589991587
6046	1.1270331589991587
5726	1.1270331589991587
7508	1.1270331589991587
574449	1.1270331589991587
355	1.1252419429168332
471035	1.1252419429168332
6588	1.1252419429168332
47	1.1182732314306452
27121,27123	1.1182732314306452
23516	1.1136546964711438
231474	1.0925246278579843
2242	1.0925246278579843
522	1.0925246278579843
2324,3791	1.0881460546888055
57764	1.085267361422433
3659	1.085267361422433
54766	1.085267361422433
12010	1.085267361422433
16183	1.085267361422433
229658	1.085267361422433
27279	1.085267361422433
8877	1.085267361422433
8639	1.0758222960724688
171558	1.074665741685786
20878	1.074665741685786
101805488	1.074665741685786
1909	1.074665741685786
6391	1.074665741685786
50649	1.074665741685786
69260	1.074665741685786
9069	1.074665741685786
1592	1.074665741685786
4673	1.074665741685786
2023	1.074665741685786
6482	1.074665741685786
375	1.074665741685786
10410	1.074665741685786
57521	1.074665741685786
7458	1.074665741685786
6141	1.074665741685786
7494	1.074665741685786
100314075	1.074665741685786
56164	1.074665741685786
29841	1.074665741685786
6239	1.074665741685786
1454	1.0734015282025073
84498	1.0734015282025073
407017	1.0734015282025073
5777	1.0734015282025073
55872	1.0734015282025073
165721	1.0734015282025073
406937,406935	1.063908000535622
675,672	1.0616317746037958
60401	1.0616317746037958
27436	1.0616317746037958
56998	1.0616317746037958
23549	1.0579197753918943
5935	1.0579197753918943
1593	1.0579197753918943
5580	1.0557825637244358
574444	1.0523095947648162
5469	1.0478443489595906
74343	1.0478443489595906
5696	1.0478443489595906
3945	1.0478443489595906
1400	1.0478443489595906
3622	1.0478443489595906
23057	1.0351688124802407
21812	1.0351688124802407
2867	1.020380686587666
2865	1.020380686587666
6498	1.020380686587666
6497	1.020380686587666
2324,2321	1.020380686587666
9040	1.0187375614884908
4738	1.0187375614884908
64798	1.0187375614884908
8883	1.0187375614884908
57154	1.0187375614884908
4320,4322	1.0109789641658964
14663	1.009982785569449
3682	1.0064712921789343
12801	1.0064712921789343
12802	1.0064712921789343
6754	1.0064712921789343
8972	1.0064712921789343
3291	1.0064712921789343
8539	1.0064712921789343
59067	1.0064712921789343
10765	1.0064712921789343
2487	1.0064712921789343
22368	1.0064712921789343
794	1.0064712921789343
2321,2324,3791,7422	1.0064712921789343
20682	1.0064712921789343
6533	1.0064712921789343
171382	1.0064712921789343
277328	1.0064712921789343
3061	1.0064712921789343
8763	1.0064712921789343
23250	1.0064712921789343
7066	1.0064712921789343
12774	1.0064712921789343
193034	1.0064712921789343
53624	1.0064712921789343
4914	1.0064712921789343
1948	1.0063139326898507
1510	1.0063139326898507
4266	1.0063139326898507
64240	1.0063139326898507
7070	1.0063139326898507
4314,4312	1.0063139326898507
1832	1.0063139326898507
22095	1.0063139326898507
7272	1.004184167752941
20869	1.004184167752941
5926	1.004184167752941
23607	1.004184167752941
2046	1.004184167752941
5290,5294	1.004184167752941
2986	1.004184167752941
24605	1.004184167752941
57492	1.004184167752941
60682	1.004184167752941
10592	1.004184167752941
196528	1.004184167752941
4969	1.0
10653	1.0
1471	1.0
57761	1.0
27076	1.0
2353	1.0
10628	1.0
3685	1.0
6751	1.0
4100	1.0
112398	1.0
6757	1.0
6772	1.0
4103	1.0
4109	1.0
24887	1.0
23528	1.0
6752,6754,6755	1.0
689	1.0
4162	1.0
84444	1.0
51554	1.0
5074	1.0
10155	1.0
51599	1.0
51114	1.0
2822	1.0
283871	1.0
1806,1890	1.0
396497	1.0
2877	1.0
17345	1.0
2047	1.0
13866	1.0
84171	1.0
22798	1.0
13845	1.0
5595	1.0
2064,1956,2100	1.0
19126	1.0
5133	1.0
693137	1.0
151871	1.0
137075	1.0
17	1.0
6004	1.0
366	1.0
5168	1.0
16854	1.0
389	1.0
11149	1.0
59	1.0
442902	1.0
15510	1.0
1634	1.0
2517	1.0
2530	1.0
56655	1.0
100126354	1.0
77125	1.0
1244	1.0
27286	1.0
5624	1.0
10863	1.0
25096	1.0
6622,6620,6623	1.0
10026	1.0
23308	1.0
6541	1.0
8714	1.0
4356	1.0
8733	1.0
22418	1.0
9610	1.0
56647	1.0
23224	1.0
55704	1.0
3902	1.0
3916	1.0
842,836	1.0
3936	1.0
51703	1.0
3480,3479	1.0
51741	1.0
919	1.0
377677	1.0
5729	1.0
170758	1.0
10988	1.0
966	1.0
3578	1.0
10952	1.0
3593	1.0
57214	1.0
13641	1.0
5311	1.0
3106,3107	1.0
10590	1.0
54538	1.0
8829	1.0
3148	1.0
8838	1.0
7531	1.0
51053	1.0
4017	1.0
8870	1.0
10097	1.0
10096	1.0
8405	1.0
4069	1.0
100302187	1.0
6751,6752,6753,6755	1.0
7168	1.0
100128922	1.0
7190	1.0
8407,6876	1.0
2737	1.0
27330	1.0
3643	0.9982957880507284
5424	0.9982957880507284
23036	0.9982957880507284
5071	0.9982957880507284
60436	0.9982957880507284
5187	0.9982957880507284
116154	0.9982957880507284
23246	0.9982957880507284
7027	0.9982957880507284
7060	0.9982957880507284
50861	0.9982957880507284
1303	0.9982957880507284
952	0.9982957880507284
16153	0.995452131511611
11107	0.9802323620801786
654	0.9802323620801786
100302255	0.9802323620801786
339	0.9802323620801786
54715	0.9802323620801786
83852	0.9802323620801786
51701	0.9802323620801786
7128	0.9802323620801786
8036	0.9802323620801786
574455	0.9802323620801786
8085	0.9802323620801786
6795	0.97661448029436
701	0.97661448029436
26227	0.97661448029436
5645	0.97661448029436
7409	0.97661448029436
7479	0.97661448029436
959	0.97661448029436
5744	0.97661448029436
7535	0.97661448029436
5163	0.9735770304121969
2254	0.9735770304121969
339390	0.9735770304121969
3126	0.9613717570551584
22253	0.959508633494974
8835	0.959508633494974
10052	0.959508633494974
6005	0.9581978293508551
58801	0.9581978293508551
468	0.9581978293508551
3099	0.9581978293508551
4877	0.9581978293508551
4035	0.9581978293508551
79872	0.9581978293508551
10059	0.9581978293508551
387161	0.955468597143416
9839	0.955468597143416
23476	0.955468597143416
29775	0.955468597143416
10498	0.955468597143416
26416	0.955468597143416
14066	0.955468597143416
12458	0.9474259321842966
5662	0.9474259321842966
2260,2263	0.9474259321842966
232087	0.9474259321842966
90226	0.9474259321842966
1088	0.9459705928107415
7799	0.9459705928107415
30833	0.9459705928107415
9766	0.9459705928107415
6392	0.9238627656857459
5506	0.9238627656857459
2137	0.9238627656857459
723818	0.9208501697106837
58887	0.9208501697106837
183	0.9208501697106837
27065	0.9174343490890753
3673	0.9174343490890753
10232	0.9174343490890753
5618,5617	0.9174343490890753
4217	0.9174343490890753
347	0.9174343490890753
406891	0.9174343490890753
16846	0.9174343490890753
79187	0.9174343490890753
16189	0.9174343490890753
406984	0.9174343490890753
104010	0.9174343490890753
9213	0.9174343490890753
7043	0.9174343490890753
60674	0.9174343490890753
340273	0.9174343490890753
17128	0.9174343490890753
2248	0.9174343490890753
67896	0.9174343490890753
406935,406937	0.9174343490890753
386585	0.9174343490890753
6785	0.9168638053396418
83998,7534	0.9168638053396418
407021,407026	0.9168638053396418
24842	0.9168638053396418
9486	0.9168638053396418
2070	0.9168638053396418
57343	0.9168638053396418
65975	0.9168638053396418
375759	0.9168638053396418
10961	0.9168638053396418
6660	0.9168638053396418
84353	0.9168638053396418
7170	0.9168638053396418
1015	0.9168638053396417
2885	0.9168638053396417
57402	0.9168638053396417
8650	0.9168638053396417
65129	0.9168638053396417
822	0.9168638053396417
2114	0.9168638053396417
5223	0.9168638053396417
11315	0.9168638053396417
11132	0.8985995861097684
843	0.8985995861097684
3915	0.8985995861097684
4663	0.8969319834844321
28882	0.8969319834844321
6477	0.8818690036091211
10859	0.8818690036091211
4088,4089	0.8818690036091211
5130	0.876294610413109
493	0.876294610413109
18783	0.876294610413109
4588,7132	0.876294610413109
506	0.876294610413109
55959	0.8659269272652172
23213	0.8659269272652172
3996	0.8659269272652172
1949	0.8595598175059141
11012	0.8595598175059141
133522	0.8595598175059141
6916	0.8595598175059141
11254	0.8595598175059141
10953	0.8595598175059141
5934	0.8587212225620059
29785	0.8587212225620059
3434	0.8587212225620059
151742	0.8587212225620059
66734	0.8549135482220983
6890	0.8549135482220983
6891	0.8549135482220983
2683	0.8549135482220983
1019	0.8463358203135155
1282	0.8463358203135155
406932	0.8463358203135155
2525,2528	0.8463358203135155
613	0.8435147009124705
6777	0.8435147009124705
2021	0.8435147009124705
96979	0.8435147009124705
1508,1514	0.8435147009124705
23261	0.8435147009124705
9212	0.8435147009124705
5757	0.8435147009124705
8407	0.8435147009124705
494334	0.8435147009124705
170689	0.8335125503087653
3075	0.8335125503087653
50943,3605	0.8335125503087653
1476	0.8225719931531563
4522	0.8225719931531563
23541	0.8225719931531563
56832	0.8225719931531563
8945	0.8225719931531563
6768	0.8225719931531563
665	0.8225719931531563
442892	0.8225719931531563
83593	0.8225719931531563
9451	0.8225719931531563
22352	0.8225719931531563
2073	0.8225719931531563
90	0.8225719931531563
3452	0.8225719931531563
3447	0.8225719931531563
3459	0.8225719931531563
1290	0.8225719931531563
5648	0.8225719931531563
6118	0.8225719931531563
1748	0.8225719931531563
51738	0.8225719931531563
30835	0.8225719931531563
3985	0.8225719931531563
3110	0.8225719931531563
3123	0.8225719931531563
3142	0.8225719931531563
23892	0.8225719931531563
100543073	0.8225719931531563
10584	0.8225719931531563
10919	0.8225719931531563
91662	0.8197126736480241
84166	0.8197126736480241
5599	0.8197126736480241
4283	0.8197126736480241
81607	0.8197126736480241
64283	0.8197126736480241
1281	0.8197126736480241
6518	0.8197126736480241
171389	0.8197126736480241
430	0.8197126736480241
10392	0.8197126736480241
7087	0.8197126736480241
3544	0.8197126736480241
10989	0.8197126736480241
27346	0.8197126736480241
6709	0.8156926268194056
227377	0.8130679028483614
9968	0.8130679028483614
6927	0.8130679028483614
1465	0.8096979060142291
55226	0.8096979060142291
3417	0.8096979060142291
50840	0.8096979060142291
3716,3717	0.8096979060142291
53366	0.8089974752996839
8248	0.8089974752996839
23598	0.8089974752996839
658	0.8001720482964146
8880	0.8001720482964146
79035	0.7985587981990429
286133	0.7985587981990429
15	0.7985587981990429
18003	0.7985587981990429
6390	0.7976715106454884
5909	0.7976715106454884
5914	0.7976715106454884
11652	0.7976715106454884
407019	0.7976715106454884
80312	0.7976715106454884
1356	0.7976715106454884
10642	0.7937948381799583
5631	0.7937948381799583
10459	0.7937948381799583
22934	0.7937948381799583
953	0.7824958338674529
17131	0.7824958338674529
53630	0.7824958338674529
2356	0.781846190169763
55760	0.781846190169763
4832	0.781846190169763
5443	0.7771941347473622
693190	0.7771941347473622
25792	0.7771941347473622
80306	0.7771941347473622
13983	0.7771941347473622
24602	0.7771941347473622
471	0.7771941347473622
51339	0.7771941347473622
9242	0.7771941347473622
3990	0.7771941347473622
90627	0.7771941347473622
15378	0.7771941347473622
170692	0.77718838307939
23566	0.77718838307939
9025	0.77718838307939
718	0.77718838307939
100616100	0.77718838307939
334	0.77718838307939
335	0.77718838307939
56999	0.77718838307939
100124700	0.77718838307939
55359	0.77718838307939
1027,5687	0.77718838307939
406993,407039	0.77718838307939
146,3476	0.77718838307939
406943	0.77718838307939
943	0.77718838307939
7917	0.77718838307939
6279,6271	0.77718838307939
7114	0.77718838307939
10912	0.77718838307939
23919	0.7595321464352062
7263	0.7595321464352062
5967	0.7595321464352062
10273	0.7595321464352062
60529	0.7595321464352062
6950	0.7595321464352062
4357	0.7595321464352062
7123	0.7595321464352062
9361	0.7595321464352062
23035	0.7578826704470198
55646	0.7578826704470198
2305,9232	0.7578826704470198
76960	0.7578826704470198
23192	0.7578826704470198
23239	0.7578826704470198
406901	0.7578826704470198
51099	0.7578826704470198
18479	0.7578826704470198
406961,6786	0.7578826704470198
26941	0.7578826704470198
29923	0.7578826704470198
7593	0.7578826704470198
30265	0.7545025064774135
26524	0.7545025064774135
722	0.7545025064774135
3810	0.7545025064774135
2158	0.7545025064774135
930	0.7545025064774135
57167	0.7545025064774135
4619	0.7501612952778888
84159	0.7501612952778888
9555	0.7501612952778888
22802	0.7501612952778888
1200	0.7481608651571476
4862	0.7481608651571476
55146	0.7470742117582266
2538	0.7470742117582266
140628	0.7302455086775909
2626	0.7302455086775909
51466	0.7302455086775909
2956,4488	0.7287014572288945
9229	0.7287014572288945
5281	0.7258505125605497
7072	0.7258505125605497
375790	0.7258505125605497
2304	0.7161917271898334
1063	0.7161917271898334
1668	0.7161917271898334
2124	0.7161917271898334
5781	0.7161917271898334
108	0.7161917271898334
8404	0.7161917271898334
6285	0.7161917271898334
23345	0.7161917271898334
11070	0.713499277087616
25875	0.713499277087616
902	0.713499277087616
10664	0.6835789317916856
1002	0.6835789317916856
9817	0.6835789317916856
83550	0.6835789317916856
4211	0.6835789317916856
723778	0.6835789317916856
3977	0.6835789317916856
4841	0.6817705219192208
22913	0.6817705219192208
26188	0.6668100402470122
241	0.6668100402470122
79047	0.6668100402470122
6414	0.6668100402470122
23199	0.6668100402470122
3821,27087	0.6668100402470122
51747	0.6668100402470122
8864,8863	0.6668100402470122
63892	0.6668100402470122
2530,146	0.6559987895944718
55914	0.6559987895944718
23594	0.6559987895944718
407047	0.6559987895944718
619553	0.6559987895944718
4353	0.6559987895944718
347736	0.6559987895944718
10527	0.6559987895944718
5898	0.6549027180997441
10381	0.6549027180997441
91833	0.6549027180997441
7439	0.6549027180997441
84617	0.6549027180997441
55504	0.6204341539892313
79084	0.6204341539892313
2876	0.6204341539892313
5954	0.6204341539892313
1192	0.6204341539892313
25825	0.6204341539892313
7791	0.6204341539892313
85407	0.6204341539892313
26281	0.6204341539892313
10007	0.6204341539892313
1729	0.6204341539892313
1326	0.6204341539892313
90226,114131	0.6204341539892313
7163	0.6204341539892313
6732	0.5969690161139976
64478	0.5969690161139976
343099	0.5969690161139976
55075	0.5969690161139976
1109	0.5969690161139976
4628	0.5969690161139976
11222	0.5969690161139976
171024	0.5969690161139976
6426	0.5969690161139976
136242	0.5969690161139976
283927	0.5969690161139976
84279	0.5969690161139976
3070	0.5969690161139976
100314036	0.5969690161139976
100314035	0.5969690161139976
119559	0.5969690161139976
9221	0.5969690161139976
57474	0.5969690161139976
5723	0.5969690161139976
5333	0.5969690161139976
4548	0.5894124462897697
6776,6777	0.5894124462897697
407020	0.5894124462897697
6272	0.5894124462897697
6707	0.5591366157153226
79595	0.5591366157153226
10253	0.5591366157153226
10252	0.5591366157153226
27189	0.5591366157153226
2495	0.5591366157153226
9982	0.5591366157153226
7003	0.5591366157153226
751537	0.5591366157153226
10539	0.5591366157153226
4897	0.5591366157153226
94195	0.5591366157153226
23451	0.5591366157153226
100422913	0.5166856803571462
83540	0.5166856803571462
9043	0.5166856803571462
93099	0.5166856803571462
586	0.5166856803571462
1152	0.4558991297268937
9586	0.4558991297268937
3067	0.4558991297268937
6304,23314	0.4558991297268937
69583	0.4558991297268937
3030	0.36781164283974
5793	0.36781164283974
6287	0.36781164283974
6288	0.36781164283974
