3845	162914.12701888807
673	15585.98814178497
1048	14057.507130643315
4292	12386.97906799958
4436	11810.06379122809
5627	9204.210684095095
1956	9169.701023860325
7157	8344.487327987252
2064	7308.2616498893985
105782	6220.617561889004
84951	4826.995301344847
1499	4724.95139409224
4893	4628.647616494556
4246	4597.093274754985
1116	4596.093274754985
55	4596.093274754985
29126	4549.785809041981
1029	4391.939758112499
675	4293.803209808875
89795	4136.4839472794865
4838	3558.911738220998
1036	3448.8210888976955
7422	3135.327227519072
2956	3088.702795367853
11156	2992.5899585942116
407035	2761.596953775437
999	2715.2540902687088
4609	2671.6768906888283
4595	2611.527396294727
5290	2297.3415812199846
2146	2257.6810044316553
799	2240.595471443055
672	2148.7657986198465
6241	2069.2419736397433
406991	1997.5379195065289
8549	1911.576067661823
7424	1884.228670945623
7074	1851.6792033697575
6595	1838.4373099019938
55294	1787.9982719161983
864	1745.1041034220482
6304	1731.9826531950598
1044	1727.5744921426462
9180	1723.5349780331194
58492	1566.378373440749
92140	1508.8421470697767
6790	1504.9806059794778
2263	1500.7126787179895
202	1468.8244755462208
6423	1467.6606646572454
3558	1445.3023530757343
3458	1439.3186624704595
3664	1436.2791483609328
4287	1436.2791483609328
4858	1436.2791483609328
407975	1436.2791483609328
5928	1347.2426579151213
1045	1251.3396559277792
1024	1228.7863436612913
4004	1208.2901861917057
1010	1206.4744846231836
7162	1182.5000344874218
285	1136.6625759084031
6876	1126.338379769821
637	1121.2977357215275
9255	1121.2977357215275
3172	1121.2977357215275
21413	1120.2977357215275
11799	1120.2977357215275
4318	1104.9999204920375
4313	1075.2310094716115
207	1074.4105925726228
6925	1058.4555319036176
3605	1049.155358871998
8434	1046.7769163389255
406937	1044.2911013025225
5329	1043.961493569911
3814	1043.125029469419
7076	1042.655556783539
5054	1041.522877712104
5467	1039.8387988131396
406899	1038.6878212198508
7077	1035.3385223048328
57016	1035.1209868198716
5340	1035.1209868198716
355	1034.1209868198716
471035	1034.1209868198716
6588	1034.1209868198716
5743	986.8560153373276
1026	961.7895679014949
7048	935.0476762685914
6469	928.5310073281048
3091	928.1889757396748
3934	926.0639294994145
1230	923.9738304320009
22846	923.3848246707694
1950	923.2798709194753
8824	923.2207910926296
5901	923.2186549509969
406947	923.1739190926355
3779	922.621956707628
6597	922.4528947647484
23253	921.9697877824537
7306	921.2186549509969
1910	920.2186549509969
554210	919.2186549509969
3480	917.7871365451053
11200	902.8473618340315
5468	900.4013975647554
472	893.6270356145225
4843	883.2560239304987
664	883.1077179818615
6717	880.1077179818615
5925	874.8506679198453
8313	871.9376034992106
406958	869.4125662663365
407009	865.892776370484
9353	865.6459452337499
3248	865.5097270341323
2810	863.7674890165597
10808	862.892776370484
4904	862.892776370484
2049	862.7674890165597
116135	861.7674890165597
442909	861.7674890165597
2597	861.7674890165597
140628	861.7674890165597
2626	861.7674890165597
10075	861.7674890165597
51466	861.7674890165597
1630	406.31957118194
13176	119.21148827446117
7694	112.94647322935505
5728	91.36348246094992
4513	90.75834742951217
8842	87.97675702104267
10	86.87509817615667
4524	78.55996224681479
595	73.05072652684356
596	69.59098690373793
4255	65.78916076523852
4316	64.39148171498499
8743	63.0556626775171
1806	61.7080966778296
2944	60.36608300170954
7298	57.79891153433716
54474	56.92324965950866
3912	56.771819727362036
7852	55.15101864871723
9973	55.02068689590516
54658	51.848015093560264
7421	50.276745463484936
5243	47.80038503287832
16653	47.43798554100905
581	47.02423812464747
3630	46.55563366222166
9370	44.989815456334114
10413	44.93946126866743
4233	43.9371755390525
10178	43.30976667555271
7517	41.68709512080575
7040	41.66545614313773
6774	40.45794530665959
1728	39.868447632527655
2950	39.85232913020926
5395	39.455356801138464
4193	38.38729180017505
2952	37.23289044830741
9423	36.68045793060344
960	35.11785375174602
7161	33.83376364752537
3479	32.689538574219604
7099	31.580557270827505
841	31.539732029104947
18706	30.582844161179402
4756	30.03399700601902
11789	29.530737413390987
1543	28.62034942864339
4089	28.07642865269188
92	27.996158484355547
2099	27.98169383121367
1401	27.54655772533893
3952	27.520899097074935
3569	27.12745934521002
2194	26.943262175152128
2272	26.177382714806733
1544	25.894568205269096
78996	25.81592478348033
3559	25.368663526077338
24525	24.677364346517166
2052	24.091959570702347
3815	23.771764762459803
246691	23.695475914656846
3481	23.059528118721627
3586	22.47419259604583
1571	22.303873014355478
3576	22.294220613368978
151648	22.13439766299605
5595,5594	21.96411824000114
5670	21.842494628215476
356	21.83062392398279
7515	21.71017663037873
64127	21.601012059276886
56729	21.46216111018168
4583	21.436437392705418
3855	21.425530155918672
324	21.344501248567237
5013	20.59080367315031
4159	20.459407522466083
4586	20.43552678295215
23583	20.338959916042867
10643	20.311859038107652
4311	19.88616110677551
10903	19.38087301359504
6359	19.311859038107652
56208	19.311859038107652
4312	19.19321784525755
100508689	19.153973600581338
6275	19.043221387794016
3486	18.934068894073903
2100	18.54913381119162
598	18.342074206664634
649	18.34022896530172
6794	18.34022896530172
11047	18.34022896530172
93953	18.34022896530172
6445	18.34022896530172
25311	18.34022896530172
1612	18.34022896530172
7035	18.34022896530172
5345	18.34022896530172
1800	18.34022896530172
9232	17.83282133100658
4968	17.750963357470738
407006	17.48578414074032
648	17.45955098372307
3146	17.24128424916797
174	16.71024618225458
7372	16.68439395149527
6615	16.327567540495078
3280	16.174157132198054
7057	15.99265310753926
4552	15.978389463502097
6277	15.584386444508933
7015	15.50376180715593
7913	15.48696546687029
4582	15.41791584089096
320	15.301006768830627
2335	15.288135028210457
111518	15.250906045799878
4072	14.81253410049622
17246	14.803781784464666
5829	14.652458643080617
1545	14.600071379571864
21977	14.358144420429392
2321	14.354154586514408
5111	14.250402607823508
328	13.844425832757986
1493	13.829640759178238
4851	13.812348799935384
84432	13.692282651081142
6648	13.655929519053826
1890	13.621916918270987
780897	13.40603890348044
406973	13.32450594811678
1084	13.269167004212985
407040	13.203965878148551
3429	13.092221885561397
7474	13.091000488976096
4830	13.060476926997307
7046	13.014851465985354
1559	12.959454242216372
5175	12.803444855861613
65009	12.801517619695332
894	12.695443628580549
4588	12.655929519053826
706	12.655929519053826
6422	12.565606913496449
1906	12.499533146756907
321	12.478468143942226
6935	12.394043601897174
2063	12.295401836575158
15218	12.25988347045039
22339	12.17011448265086
3371	12.070594752357893
6623	12.028464432441444
109880	12.007133818861758
4976	12.003849209159071
57534	12.003849209159071
11186	11.99265310753926
7124	11.94833382506737
929	11.923383455740499
1490	11.75113283145688
51196	11.617142619563083
13649	11.616105511053302
7431	11.579172261539057
348	11.472777497046057
9855	11.471631087576064
4092	11.407711665858487
7911	11.407062350510706
9076	11.331739068534802
6690	11.308571309781541
12560	11.290154499553601
18208	11.285998886577698
30848	11.285998886577698
6117	11.281949667254539
374	11.265871593830694
1586	11.212894672576939
1316	11.21075853094418
1645	11.203965878148551
412	11.17011448265086
100133941	11.15652380573518
339488	11.14734291269056
2065	11.125287353924298
1846	11.078507842611184
3439	10.92124731410774
406952	10.92124731410774
672,675	10.900408421382147
948	10.900408421382147
23600	10.815701568522236
5655	10.808678480951999
6855	10.758816790069549
9	10.725378376225843
80010	10.67976474516915
727897	10.655929519053826
3621	10.655929519053826
5335	10.516632402079487
6761	10.507851804640978
3958	10.477249693576736
3791	10.365430033664717
3190	10.295401836575158
5347	10.25228224715407
1440	10.226032074952698
4052	10.21075853094418
238	10.206467614678175
283871	10.17011448265086
1191	10.17011448265086
5629	10.17011448265086
406	10.17011448265086
5295	10.17011448265086
2264	10.17011448265086
51094	10.11671629066871
3383	10.075287271914718
23405	10.016170598188776
50943	10.01212794864158
1028	10.0
3162	9.903039532044303
3780	9.655929519053826
1113	9.655929519053826
12048	9.655929519053826
6926	9.655929519053826
839	9.655929519053826
24144	9.655929519053826
6647	9.655929519053826
7516	9.559113928431984
3397	9.50923471479158
80381	9.479898820613732
5716	9.464754983765394
56648	9.429469128186046
23411	9.392540822266472
2067	9.390442819416869
6657	9.254377789759126
6387	9.195157995344877
26195	9.17011448265086
569360	9.17011448265086
5897	9.17011448265086
5430	9.17011448265086
55502	9.17011448265086
6317	9.17011448265086
4163	9.17011448265086
250	9.17011448265086
5068	9.17011448265086
22152	9.17011448265086
54626	9.17011448265086
17210	9.17011448265086
23082	9.17011448265086
26585	9.17011448265086
9,10	9.17011448265086
2050	9.17011448265086
57801	9.17011448265086
25859	9.17011448265086
780	9.17011448265086
314	9.17011448265086
56996	9.17011448265086
354	9.17011448265086
404663	9.17011448265086
49	9.17011448265086
147719	9.17011448265086
57379	9.17011448265086
2981	9.17011448265086
90249,219699	9.17011448265086
4709	9.17011448265086
2547	9.17011448265086
2554	9.17011448265086
80304	9.17011448265086
100126333	9.17011448265086
10866	9.17011448265086
3456	9.17011448265086
4321	9.17011448265086
407041	9.17011448265086
7832	9.17011448265086
13508	9.17011448265086
16450,16409	9.17011448265086
59269	9.17011448265086
7490	9.17011448265086
25886	9.17011448265086
3908	9.17011448265086
55714	9.17011448265086
22806	9.17011448265086
57026	9.17011448265086
57628	9.17011448265086
378529	9.17011448265086
18007	9.17011448265086
90249,219699,8633	9.17011448265086
7971	9.17011448265086
10599	9.17011448265086
7518	9.17011448265086
5346	9.17011448265086
5348	9.17011448265086
7031,5663	9.17011448265086
256536	9.17011448265086
7145	9.17011448265086
175	9.17011448265086
56259	9.17011448265086
79365	9.17011448265086
26011	9.17011448265086
4926	9.17011448265086
2778	9.17011448265086
51176	9.163621258627483
6347	9.156427858628025
5268	9.125287353924298
331	9.051441217249275
1235	8.860388266362751
5653	8.827200032766457
3732	8.720236827537061
6786	8.66823990163869
8633	8.631046192456221
7039	8.465511633337558
1027	8.445282542217624
5879	8.42402580127283
5265	8.374062006762946
5328	8.32868933496887
5058	8.293617148299166
6817	8.275196300660653
891	8.272270856503647
4915	8.244376656433333
3956	8.14187047484928
8651	8.131109934669942
3717	8.108846631365747
842	8.06118918084569
6382	8.059789124601558
8678	8.028464432441444
887	7.9895909728090535
5888	7.911541154750623
10801	7.887193828651954
3133	7.883404359517619
83998	7.8764201853811775
6405	7.870582350795105
70356	7.827829517163819
1012	7.82174073235892
2922	7.676966824853222
246	7.671282861177824
10631	7.645077249776801
1509	7.566973443259429
81528	7.442534940525654
4170	7.437692072541826
467	7.429606773447438
3315	7.375862061772894
4314	7.2132472560392165
1364	7.1947257042247585
4602	7.133668799958233
2520	7.125287353924298
6624	7.099397003339164
7078	7.076061646979986
1786	7.075867241554039
6696	7.04064404829332
4751	7.0383517745589135
474	7.02865721927957
2017	7.004042649547194
4437	6.907991155417001
56717,21977	6.878551361525215
4322	6.856345616815557
2048	6.855481494041419
406985	6.85521567804896
302	6.854053343081151
5688	6.836602982763917
407018	6.818221572299832
83667	6.7511328314568795
7430	6.7511328314568795
160728	6.645077249776801
317	6.622521152034813
6374	6.559069524861449
574501	6.506284375816948
406913	6.502307840593178
3716	6.429033080121453
406938	6.412964793366157
23028	6.395890997648446
8797	6.36071409110969
51754	6.347919690105245
1236	6.2843563150229045
10006	6.250574707848596
3620	6.204131310181749
6198	6.202811003319146
3566	6.182574437824319
407008	6.161640485951613
2305	6.1458592741094815
2551	6.131214247610069
9575	6.127423495557057
9518	6.118339192680705
5159	6.056925052212498
836	6.045264255665879
91607	6.041936694592079
8099,1017	6.033851395497691
3921	6.010427272746995
723830	6.004042649547194
4615	6.002136141632759
5037	6.0
5970	6.0
8324	6.0
3953	6.0
4060	6.0
627	5.995509487890213
4927	5.940988922446535
1351	5.823786867616625
7345	5.8225386248884
3897	5.8225386248884
24329	5.778578170553982
240	5.770937987024609
6868	5.752840370762355
4323	5.746850656601147
8826	5.728765989156853
8607	5.69583938021049
2057	5.672924175306028
3925	5.669721670994838
406959	5.5668343999791166
407053	5.5406635252239145
3927	5.516637871022718
8864	5.502265662913759
81839	5.429606773447438
1460	5.311252725679832
1489	5.253398494370639
9227	5.250574707848596
2932	5.245308341969675
2833	5.229604625282686
57447	5.217535484961136
8277	5.217535484961136
51561	5.2145165400607265
4521	5.205774542031444
9429	5.204131310181749
2069	5.194725704224758
5650	5.194725704224758
1434	5.142299812592713
4953	5.129330003471492
216	5.125287353924298
79444	5.125287353924298
2261	5.122018005784875
338377	5.108171724137675
3490	5.102887271015722
1999	5.079727274731713
1591	5.066276276370833
768	5.040395781574509
2294	5.037894045044885
2033	5.0205719201851835
8741	5.008085299094388
5885	5.004042649547194
79923	5.004042649547194
4070	5.004042649547194
3491	5.0
2185	5.0
2191	5.0
6578	5.0
10445	5.0
57019	5.0
4853	5.0
7184	5.0
80198	4.950303277906235
4616	4.8764201853811775
2688	4.8642575694754
6608	4.851128247800489
8314	4.848495683569259
125	4.838823680422762
9536	4.8225386248884
7545	4.8225386248884
9365	4.8225386248884
1656	4.756690490968772
406892	4.7511328314568795
100750225	4.7511328314568795
5228	4.7511328314568795
3159	4.7511328314568795
9788	4.7511328314568795
1407	4.7511328314568795
7374	4.709677916892411
142	4.702723908045892
10395	4.69583938021049
51311	4.672924175306028
3949	4.672924175306028
7472	4.631403137044474
225689	4.6265481009068585
8795	4.564669980498614
9075	4.537958240937993
54905	4.513692912065484
968	4.502265662913759
406986	4.491917870242868
1869	4.411843397254604
3161	4.408262620363498
10223	4.385055695305623
407007	4.382975233238878
2627	4.347937559960974
4087	4.345014945074481
9447	4.3141650609734015
51208	4.2976129752404795
6098	4.276692371700734
2735	4.276692371700734
13867	4.271146628033779
652	4.267927261488222
1636	4.267927261488222
55353	4.267927261488222
4734	4.250574707848596
998	4.250574707848596
599	4.250574707848596
29108	4.233021841947046
114793	4.217535484961136
6934	4.2152517273307515
7056	4.174527340949361
56852	4.170316762771426
8991	4.158056438106893
29128	4.157794435912935
1363	4.129330003471492
4088	4.125595332833665
4015	4.125287353924298
56616	4.1179753562376815
890	4.115884403926838
5997	4.102887271015722
25805	4.097362852112379
10018	4.0897689877995305
6279	4.0897689877995305
2309	4.0852379070113445
4739	4.08128809658664
1312	4.078825083153982
10551	4.067702790995382
5861	4.066276276370833
1058	4.066276276370833
54577	4.059944573329901
149233	4.04064404829332
23314	4.04064404829332
3105	4.039514109526723
23409	4.033851395497691
6776	4.0248442034507015
90865	4.0205719201851835
5378	4.008544566531038
226442	4.008085299094388
925	4.008085299094388
957	4.008085299094388
6267	4.008085299094388
343	4.004272283265519
2034	4.004042649547194
2348	4.002136141632759
8099	4.0
10190	4.0
7291	4.0
1508	4.0
2012	4.0
56963	4.0
9547	4.0
16453	4.0
10894	4.0
23326	4.0
6520	4.0
3065	4.0
6591	4.0
10131	4.0
51079	4.0
2706	4.0
5300	3.98491453135173
3485	3.9694533548879787
1789	3.9496651992663483
5817	3.940988922446535
1234	3.931797976019915
900	3.9315859724490747
3265	3.9305440618593894
3557	3.885096462200991
239	3.8642575694753996
28234	3.849552964019928
1687	3.8225386248884003
8745	3.8225386248884003
14160	3.819744218069431
1969	3.815701568522237
728239	3.815701568522237
2697	3.815701568522237
8863	3.7554051147223984
7939	3.7551754810040734
7703	3.7511328314568795
80139	3.7511328314568795
4869	3.7511328314568795
2277	3.7511328314568795
80864	3.7511328314568795
22906	3.7511328314568795
563	3.701672451058173
7361	3.643613893262401
6722	3.631403137044474
19225	3.631403137044474
6523	3.631403137044474
79888	3.631403137044474
3628	3.631403137044474
3565	3.5435016580159813
4085	3.521669859275205
3627	3.521669859275205
912	3.5096502625182904
27087	3.5022656629137594
213	3.5022656629137594
7020	3.5022656629137594
29968	3.5022656629137594
6480	3.4764916537322303
23452	3.475755505174538
5155	3.466352555177078
3645	3.4605878774625767
101	3.4365400796041303
3574	3.430233900848598
6362	3.4082626203634976
406931	3.3983408928987107
1901	3.396382505350907
3880	3.396382505350907
6143	3.396382505350907
80196	3.3545108007974345
6383	3.3504681512502406
11199	3.347919690105245
6502	3.320015714108586
6494	3.3112527256798323
909	3.26078309397517
4282	3.250574707848596
5359	3.250574707848596
6513	3.244465911088661
283	3.238357114328726
406941	3.238357114328726
3667	3.2368509017598335
6667	3.22817462494002
10630	3.222065828180085
55937	3.2175354849611355
8317	3.2175354849611355
8761	3.2132472560392165
378938	3.2105252609356425
231	3.2083787364470515
2274	3.208173959728943
6403	3.204131310181749
306	3.204131310181749
6929	3.204131310181749
284	3.1947257042247577
901	3.1947257042247577
17709	3.1812049462261376
4153	3.1766969553571243
4192	3.1746076790374316
112744	3.1746076790374316
2202	3.1745273409493606
9770	3.1475153368077864
5617	3.140958591451878
2919	3.138006900405699
3596	3.133963630744111
23030	3.129330003471492
2260	3.129330003471492
5423	3.125287353924298
1994	3.125287353924298
5562	3.117934772297562
4982	3.1158844039268376
143662	3.1158844039268376
641	3.1069299205629157
84557	3.102887271015722
4846	3.102887271015722
406903	3.1014055016595727
79784	3.097362852112379
7471	3.097362852112379
81792	3.097362852112379
5308	3.097362852112379
100507436	3.074495443791011
5921	3.0727062640546308
390	3.0727062640546303
10657	3.0623158279391345
3932	3.0489394807196506
55165	3.033851395497691
84687	3.033851395497691
976	3.033851395497691
6678	3.033851395497691
2744	3.033851395497691
4790	3.0301761704439194
6376	3.0193005250365803
2214	3.0193005250365803
2212	3.0193005250365803
5594,5595	3.0191307347691536
22943	3.0061787911799533
5742	3.004272283265519
4512	3.004042649547194
79977	3.004042649547194
76187	3.004042649547194
6091	3.004042649547194
17075	3.004042649547194
5366	3.004042649547194
9314	3.0021361416327594
2324	3.0
1485	3.0
5420	3.0
1958	3.0
1500	3.0
83734	3.0
6401	3.0
2041	3.0
8614	3.0
362	3.0
2980	3.0
2152	3.0
3014	3.0
4363	3.0
10447	3.0
51341	3.0
27250	3.0
406935	3.0
2690	3.0
3553	3.0
3570	3.0
10957	3.0
10111	3.0
4482	3.0
6662	3.0
8840	3.0
8856	3.0
575	3.0
10562	3.0
6256	3.0
1820	3.0
8493	3.0
59340	3.0
3312	2.9902289094715977
51083	2.9552641416386285
81930	2.940988922446535
1855	2.940988922446535
572	2.9256601724062405
407052	2.9009394755335816
4610	2.870311388621243
6767	2.8556578144198097
4913	2.8556578144198097
4684	2.8540201024726017
92912	2.8225386248884003
4194	2.8225386248884003
9021	2.8225386248884003
2066	2.8225386248884003
100151750	2.8225386248884003
6596	2.8225386248884003
406942	2.8225386248884003
2200	2.8225386248884003
965	2.8225386248884003
693215	2.815701568522237
11082	2.815701568522237
95	2.815701568522237
29071	2.815701568522237
7033	2.815701568522237
406920	2.815701568522237
4836	2.815701568522237
57650	2.815701568522237
5770	2.815701568522237
3624	2.815701568522237
23671	2.792765010701814
51285	2.792765010701814
2244	2.7917768797502
942	2.7709379870246087
6364	2.7511328314568795
2056	2.7511328314568795
10456	2.7511328314568795
200958	2.7511328314568795
22914	2.7302939387312883
12224	2.622505451359665
1557	2.5502943108116103
3603	2.5502943108116103
643	2.5096502625182904
5156	2.5096502625182904
3002	2.5096502625182904
688	2.4255641239002443
4780	2.4255641239002443
1894	2.4082626203634976
8289	2.396382505350907
30817	2.396382505350907
650	2.3512042998079323
208	2.3512042998079323
114479	2.3512042998079323
15505	2.3512042998079323
406993	2.3512042998079323
3552	2.3512042998079323
5358	2.3512042998079323
406962	2.3504681512502406
4929	2.3504681512502406
58492,7694	2.347919690105245
57531	2.347919690105245
834	2.347919690105245
837	2.347919690105245
7849	2.347919690105245
170482	2.347919690105245
7980	2.347919690105245
687	2.3112527256798323
84823	2.3112527256798323
55143	2.2505747078485956
51162	2.2505747078485956
94234	2.2505747078485956
9073	2.2505747078485956
2934	2.2505747078485956
54894	2.2505747078485956
56603	2.2505747078485956
17863	2.2505747078485956
57620	2.2505747078485956
26465	2.2505747078485956
466	2.244775358475069
94025	2.244775358475069
857	2.22817462494002
3636	2.2175354849611355
51147	2.2175354849611355
3320	2.2175354849611355
3342	2.205774542031444
23512	2.204131310181749
11065	2.204131310181749
8661	2.204131310181749
22059	2.204131310181749
3611	2.204131310181749
10383	2.1991704464493553
117581	2.1947257042247577
2308	2.1704758140226894
5984	2.1648014634510213
4548	2.133963630744111
6323	2.133963630744111
55054	2.133963630744111
693188	2.133963630744111
1788	2.133963630744111
5354	2.133963630744111
214	2.125287353924298
3757	2.125287353924298
3309	2.125287353924298
9133	2.125287353924298
2984	2.125287353924298
10879	2.125287353924298
55366	2.125287353924298
2172	2.125287353924298
11337	2.125287353924298
6590	2.125287353924298
7014	2.125287353924298
406936	2.125287353924298
9271	2.125287353924298
3987	2.125287353924298
6238	2.125287353924298
118471	2.1191785571643633
11080	2.1191785571643633
1017	2.1158844039268376
63955	2.1158844039268376
754	2.1158844039268376
9510	2.1158844039268376
5154	2.1158844039268376
2908	2.1158844039268376
5241	2.1158844039268376
7013	2.1158844039268376
1381	2.1158844039268376
57604	2.1158844039268376
9308	2.1158844039268376
100885775	2.097362852112379
633	2.097362852112379
655	2.097362852112379
5005	2.097362852112379
5915	2.097362852112379
56547	2.097362852112379
2042	2.097362852112379
407036	2.097362852112379
7423	2.097362852112379
578	2.097362852112379
140462	2.097362852112379
51477	2.097362852112379
2068	2.0812880965866403
26246	2.0812880965866403
3077	2.0812880965866403
509	2.0812880965866403
3329	2.0788250831539816
10576	2.0788250831539816
7103	2.0727062640546303
6280	2.0559175923018396
574456	2.0559175923018396
1588	2.04278018992608
6462	2.04278018992608
4313,4318	2.04064404829332
56649	2.04064404829332
406967	2.039412541576991
10810	2.039412541576991
5734	2.039412541576991
5090	2.0363531320273154
4320	2.0363531320273154
5414	2.033851395497691
6778	2.033851395497691
171577	2.033851395497691
699	2.033851395497691
83595	2.033851395497691
759	2.033851395497691
8243	2.033851395497691
27121	2.033851395497691
3859	2.033851395497691
65132	2.033851395497691
3400	2.033851395497691
3998	2.033851395497691
1398	2.033851395497691
7137	2.033851395497691
2736	2.033851395497691
7412	2.0284644324414436
3156	2.0284644324414436
6934,6932	2.020571920185183
283149	2.020571920185183
28996	2.020571920185183
76856	2.0165831209249836
8837	2.0150880852219597
12550	2.008291560462492
396061	2.004042649547194
244650	2.004042649547194
6788	2.004042649547194
15902	2.004042649547194
15894	2.004042649547194
20848	2.004042649547194
18526	2.004042649547194
23081	2.004042649547194
5972	2.004042649547194
388112	2.004042649547194
3398	2.004042649547194
6899	2.004042649547194
23643	2.004042649547194
19122	2.004042649547194
12505	2.004042649547194
75605	2.004042649547194
115286	2.004042649547194
13	2.004042649547194
2925	2.004042649547194
1602	2.004042649547194
56052	2.004042649547194
14234	2.004042649547194
4758	2.004042649547194
7803	2.004042649547194
98432	2.004042649547194
11331	2.004042649547194
6280,6279,6271	2.004042649547194
66102	2.004042649547194
920	2.004042649547194
134265	2.004042649547194
940	2.004042649547194
958	2.004042649547194
2247	2.004042649547194
20393	2.004042649547194
338412	2.004042649547194
5396	2.004042649547194
93672	2.004042649547194
93659	2.004042649547194
50975	2.004042649547194
26471	2.004042649547194
5460	2.0021361416327594
10761	2.0021361416327594
4264	2.0021361416327594
442917	2.0021361416327594
2990	2.0021361416327594
64374	2.0021361416327594
10071	2.0021361416327594
133	2.0021361416327594
3651	2.0
2323	2.0
2346	2.0
10628	2.0
604	2.0
4536	2.0
3217	2.0
4543	2.0
51129	2.0
4102	2.0
79924	2.0
1089	2.0
81831	2.0
8519	2.0
60489	2.0
60495	2.0
51573	2.0
51100	2.0
23462	2.0
79901	2.0
14173	2.0
9474	2.0
79075	2.0
5933	2.0
17386	2.0
79679	2.0
57414	2.0
57410	2.0
2051	2.0
57817	2.0
11216	2.0
4249	2.0
5591	2.0
118856	2.0
55662	2.0
16886	2.0
5176	2.0
5170	2.0
84148	2.0
54739	2.0
27122	2.0
9122	2.0
6095	2.0
84519	2.0
1674	2.0
7097,7099	2.0
6909	2.0
10855	2.0
2113	2.0
5641	2.0
6510	2.0
55740	2.0
2168	2.0
374907	2.0
346389	2.0
8742	2.0
3066	2.0
406983	2.0
6598	2.0
28987	2.0
3098	2.0
51305	2.0
7001	2.0
7023	2.0
7026	2.0
7042	2.0
7058	2.0
7052	2.0
7080	2.0
2624	2.0
4802	2.0
406933	2.0
1301	2.0
28514	2.0
4839	2.0
10549	2.0
4854	2.0
2692	2.0
5715	2.0
157310	2.0
977	2.0
3589	2.0
5764	2.0
219541	2.0
5315	2.0
51029	2.0
8828	2.0
23434	2.0
10125	2.0
573	2.0
54583	2.0
7132	2.0
7153	2.0
182	2.0
91010	2.0
2719	2.0
26018	2.0
4907	2.0
9397	2.0
13179	2.0
2765	2.0
79661	1.8556578144198097
4733	1.8556578144198097
4350	1.8556578144198097
252969	1.8556578144198097
5327	1.8556578144198097
4983	1.815701568522237
4174	1.815701568522237
7251	1.815701568522237
8125	1.815701568522237
7284	1.815701568522237
1548	1.815701568522237
84417	1.815701568522237
6850	1.815701568522237
767	1.815701568522237
11171	1.815701568522237
11122	1.815701568522237
27101	1.815701568522237
1655	1.815701568522237
10891	1.815701568522237
3872	1.815701568522237
8703	1.815701568522237
382985	1.815701568522237
406975	1.815701568522237
8312	1.815701568522237
406946	1.815701568522237
4831	1.815701568522237
5725	1.815701568522237
10979	1.815701568522237
5732	1.815701568522237
220988	1.815701568522237
64321	1.815701568522237
6652	1.815701568522237
3135	1.815701568522237
4478	1.815701568522237
3164	1.815701568522237
100302137	1.815701568522237
6273	1.815701568522237
1831	1.815701568522237
10928	1.815701568522237
22919	1.815701568522237
9368	1.815701568522237
10910	1.815701568522237
1495	1.7511328314568797
6737	1.7511328314568797
1087	1.7511328314568797
4149	1.7511328314568797
89782	1.7511328314568797
23492	1.7511328314568797
9097	1.7511328314568797
3376	1.7511328314568797
6470	1.7511328314568797
5196	1.7511328314568797
60	1.7511328314568797
10278	1.7511328314568797
1604	1.7511328314568797
407037	1.7511328314568797
6938	1.7511328314568797
2161	1.7511328314568797
2157	1.7511328314568797
116562	1.7511328314568797
406979	1.7511328314568797
28955	1.7511328314568797
5291	1.7511328314568797
7051	1.7511328314568797
2633	1.7511328314568797
10521	1.7511328314568797
8841	1.7511328314568797
1804	1.7511328314568797
196	1.7511328314568797
4942	1.7511328314568797
3690	1.7302939387312883
26188	1.7302939387312883
241	1.7302939387312883
79047	1.7302939387312883
717	1.7302939387312883
721	1.7302939387312883
6414	1.7302939387312883
23199	1.7302939387312883
3821,27087	1.7302939387312883
2638	1.7302939387312883
51747	1.7302939387312883
8864,8863	1.7302939387312883
63892	1.7302939387312883
55829	1.7302939387312883
197	1.7302939387312883
64218	1.7027239080458916
2232	1.7027239080458916
10226	1.5096502625182902
1942	1.5096502625182902
1524	1.5096502625182902
693193	1.5096502625182902
6046	1.5096502625182902
2953	1.5096502625182902
5726	1.5096502625182902
7508	1.5096502625182902
574449	1.5096502625182902
6714	1.4459910284024418
110157	1.4459910284024418
54704	1.4459910284024418
3663	1.4255641239002446
3725	1.4255641239002446
79727	1.4255641239002446
5599,5601	1.4255641239002446
18708	1.4255641239002446
20848,16193	1.4255641239002446
5293	1.4255641239002446
7097	1.4255641239002446
1432	1.4255641239002446
1445	1.4255641239002446
8239	1.4118433972546032
682	1.396382505350907
7450	1.396382505350907
406909	1.396382505350907
945	1.396382505350907
3561	1.396382505350907
1019	1.3504681512502406
1282	1.3504681512502406
406932	1.3504681512502406
2525,2528	1.3504681512502406
574411	1.3504681512502406
10642	1.3112527256798325
9588	1.3112527256798325
5631	1.3112527256798325
10459	1.3112527256798325
152559	1.3112527256798325
22934	1.3112527256798325
2796	1.2803136654757101
6750	1.2803136654757101
1269	1.2803136654757101
1268	1.2803136654757101
540	1.2175354849611355
5444	1.2041313101817488
6354	1.2041313101817488
23032	1.2041313101817488
1163	1.2041313101817488
4320,4322	1.2041313101817488
406988	1.2041313101817488
5411	1.1991704464493556
69253	1.1991704464493556
2045	1.1991704464493556
6446	1.1991704464493556
1601	1.1991704464493556
19882	1.1806651445630356
5604,5605	1.1806651445630356
14256	1.1806651445630356
22944	1.1806651445630356
6785	1.1745273409493608
83998,7534	1.1745273409493608
407021,407026	1.1745273409493608
24842	1.1745273409493608
9486	1.1745273409493608
2070	1.1745273409493608
57343	1.1745273409493608
65975	1.1745273409493608
375759	1.1745273409493608
10961	1.1745273409493608
6660	1.1745273409493608
84353	1.1745273409493608
7170	1.1745273409493608
171558	1.1252873539242978
20878	1.1252873539242978
57326	1.1252873539242978
101805488	1.1252873539242978
5743,4513	1.1252873539242978
58155	1.1252873539242978
1909	1.1252873539242978
6391	1.1252873539242978
11004	1.1252873539242978
50649	1.1252873539242978
69260	1.1252873539242978
9069	1.1252873539242978
1592	1.1252873539242978
4673	1.1252873539242978
2023	1.1252873539242978
6424	1.1252873539242978
6482	1.1252873539242978
6498	1.1252873539242978
6497	1.1252873539242978
253260	1.1252873539242978
375	1.1252873539242978
11168	1.1252873539242978
85458	1.1252873539242978
56913	1.1252873539242978
10410	1.1252873539242978
57521	1.1252873539242978
2118	1.1252873539242978
75388	1.1252873539242978
7458	1.1252873539242978
6141	1.1252873539242978
7494	1.1252873539242978
100314075	1.1252873539242978
56164	1.1252873539242978
29841	1.1252873539242978
6239	1.1252873539242978
136	1.1252873539242978
57144	1.1252873539242978
4923	1.1252873539242978
2324,3791	1.119178557164363
4535	1.102887271015722
27030	1.102887271015722
5550	1.102887271015722
9994	1.102887271015722
811	1.102887271015722
7082	1.102887271015722
60681	1.102887271015722
5783	1.102887271015722
3178	1.102887271015722
4091	1.102887271015722
1088	1.0973628521123788
358	1.0973628521123788
7799	1.0973628521123788
360	1.0973628521123788
1027,3429	1.0973628521123788
6997	1.0973628521123788
652995	1.0973628521123788
8794	1.0973628521123788
406953	1.0973628521123788
406928	1.0973628521123788
406921	1.0973628521123788
30833	1.0973628521123788
7976	1.0973628521123788
9766	1.0973628521123788
574032	1.0973628521123788
693177	1.0852379070113447
23552	1.071850110717114
6779	1.071850110717114
7096	1.071850110717114
4826	1.071850110717114
2768	1.071850110717114
12822	1.0559175923018396
72935	1.0559175923018396
847	1.0559175923018396
862	1.0559175923018396
4853,4854	1.0559175923018396
256646	1.0406440482933201
120376	1.0406440482933201
119391	1.0406440482933201
115761	1.0406440482933201
5978	1.0406440482933201
2022	1.0406440482933201
4257	1.0406440482933201
11132	1.0406440482933201
9156	1.0406440482933201
843	1.0406440482933201
4792	1.0406440482933201
3915	1.0406440482933201
110750	1.0406440482933201
5741	1.0406440482933201
64318	1.0406440482933201
407029	1.0395141095267233
382056	1.0395141095267233
9262	1.0395141095267233
3106	1.0395141095267233
574444	1.0395141095267233
574460	1.0395141095267233
5976	1.0394125415769908
57805	1.0394125415769908
301	1.0394125415769908
18128	1.0363531320273152
230099	1.0363531320273152
9480	1.0363531320273152
387244	1.0363531320273152
81537	1.0363531320273152
25937	1.0363531320273152
10103	1.0363531320273152
8050	1.0363531320273152
4585	1.0284644324414436
693210	1.0284644324414436
14235	1.0284644324414436
9173	1.0284644324414436
2224	1.0284644324414436
1803	1.0284644324414436
338557	1.01508808522196
16001	1.01508808522196
21803	1.01508808522196
6932	1.01508808522196
83478	1.01508808522196
5898,5899	1.01508808522196
14663	1.0082915604624918
16193	1.0082915604624918
78412	1.0082915604624918
1008	1.0021361416327594
1001	1.0021361416327594
3675	1.0021361416327594
3693	1.0021361416327594
4101	1.0021361416327594
84033	1.0021361416327594
113235	1.0021361416327594
9818	1.0021361416327594
217	1.0021361416327594
64403	1.0021361416327594
23080	1.0021361416327594
1583	1.0021361416327594
1577	1.0021361416327594
1576	1.0021361416327594
5981	1.0021361416327594
54798	1.0021361416327594
8660	1.0021361416327594
19	1.0021361416327594
7367	1.0021361416327594
10297	1.0021361416327594
2939	1.0021361416327594
2938	1.0021361416327594
54490	1.0021361416327594
22821	1.0021361416327594
25984	1.0021361416327594
3038	1.0021361416327594
23258	1.0021361416327594
3592	1.0021361416327594
8850	1.0021361416327594
64750	1.0021361416327594
18131	1.0
8091	1.0
4969	1.0
10653	1.0
1471	1.0
399100	1.0
55585	1.0
57761	1.0
134145	1.0
27076	1.0
10641	1.0
2353	1.0
27043	1.0
3692	1.0
5873	1.0
3685	1.0
3688	1.0
3219	1.0
56477	1.0
5874	1.0
387155	1.0
6751	1.0
59086	1.0
10257	1.0
4100	1.0
112399	1.0
112398	1.0
6757	1.0
693223	1.0
6772	1.0
3266	1.0
4103	1.0
5435	1.0
4109	1.0
24887	1.0
387189	1.0
23528	1.0
3290	1.0
6752,6754,6755	1.0
219699	1.0
689	1.0
10220	1.0
4162	1.0
84444	1.0
6363	1.0
6366	1.0
9891	1.0
51554	1.0
8573	1.0
5074	1.0
10155	1.0
51599	1.0
51114	1.0
2822	1.0
83990	1.0
7295	1.0
1806,1890	1.0
396497	1.0
2877	1.0
23067	1.0
1594	1.0
1111	1.0
9092	1.0
55233	1.0
10763	1.0
5983	1.0
10735	1.0
27161	1.0
17345	1.0
3337	1.0
4680	1.0
4683	1.0
5531	1.0
7704	1.0
7707	1.0
1179	1.0
56938	1.0
20186	1.0
6400	1.0
2047	1.0
399274	1.0
13866	1.0
84171	1.0
6416	1.0
11214	1.0
4254	1.0
22798	1.0
51284	1.0
13845	1.0
5595	1.0
2064,1956,2100	1.0
79602	1.0
329	1.0
19126	1.0
330	1.0
9971	1.0
5133	1.0
693137	1.0
151871	1.0
9500	1.0
137075	1.0
53827	1.0
12	1.0
11197	1.0
17	1.0
6004	1.0
366	1.0
9521	1.0
6495	1.0
5168	1.0
16854	1.0
8202	1.0
7357	1.0
389	1.0
396	1.0
2903	1.0
11149	1.0
59	1.0
442902	1.0
442904	1.0
15510	1.0
9112	1.0
1634	1.0
3827	1.0
2517	1.0
2526	1.0
2529	1.0
2530	1.0
56655	1.0
100126354	1.0
137872	1.0
3875	1.0
407004	1.0
20200	1.0
77125	1.0
1244	1.0
5618	1.0
27286	1.0
2101	1.0
114783	1.0
5621	1.0
5624	1.0
10863	1.0
5652	1.0
25096	1.0
6622,6620,6623	1.0
11343	1.0
10026	1.0
23308	1.0
4361	1.0
6541	1.0
10481	1.0
8714	1.0
4356	1.0
5203	1.0
8733	1.0
10451	1.0
22418	1.0
3068	1.0
7415	1.0
9610	1.0
56647	1.0
8771	1.0
406987	1.0
3083	1.0
24147	1.0
84674	1.0
7481	1.0
7010	1.0
3783750	1.0
7024	1.0
23224	1.0
89958	1.0
55704	1.0
10397	1.0
406997	1.0
406996	1.0
7031	1.0
3902	1.0
406989	1.0
3916	1.0
81567	1.0
842,836	1.0
3936	1.0
51703	1.0
7083	1.0
3480,3479	1.0
51741	1.0
919	1.0
79884	1.0
377677	1.0
29122	1.0
5729	1.0
941	1.0
1365	1.0
58508	1.0
29102	1.0
170758	1.0
29117	1.0
10988	1.0
966	1.0
3578	1.0
10952	1.0
4440	1.0
3593	1.0
3590	1.0
57214	1.0
13641	1.0
10135	1.0
5310	1.0
5311	1.0
6642	1.0
7965	1.0
3106,3107	1.0
10590	1.0
5321	1.0
10592	1.0
535	1.0
54538	1.0
8829	1.0
4485	1.0
3148	1.0
545	1.0
8836	1.0
10123	1.0
8839	1.0
8838	1.0
54556	1.0
55884	1.0
5338	1.0
5339	1.0
7531	1.0
7534	1.0
51053	1.0
4017	1.0
5349	1.0
6692	1.0
8870	1.0
34529	1.0
10553	1.0
219595	1.0
8878	1.0
10097	1.0
10096	1.0
64710	1.0
84329	1.0
8405	1.0
4069	1.0
146	1.0
197358	1.0
6274	1.0
6281	1.0
6282	1.0
100302187	1.0
1825	1.0
6751,6752,6753,6755	1.0
7168	1.0
100128922	1.0
7190	1.0
8407,6876	1.0
4916	1.0
2737	1.0
4920	1.0
115908	1.0
27330	1.0
1441	1.0
